[
  [-0.1649042367935181, -0.6544578671455383],
  [-0.8494420051574707, 0.2580477297306061],
  [0.8776759505271912, 0.0898111984133720],
  [0.4605381190776825, -0.1460673660039902],
  [-0.2053201645612717, 0.1126271709799767],
  [-0.4734048545360565, 0.3210200965404510],
  [0.0368568152189255, 0.0422642007470131],
  [0.1099457964301109, -0.0371932648122311],
  [-0.6924484968185425, 0.4237765967845917],
  [-0.2053220272064209, 0.6838018894195557],
  [-0.2031355947256088, 0.4448615610599518],
  [-0.7398182749748230, -0.1593676805496216],
  [-0.0958958864212036, -0.2369865775108337],
  [-0.3959252834320068, 0.2224248200654984],
  [-0.4946296215057373, 0.2859344184398651],
  [0.0081122862175107, -0.4673230648040771],
  [-0.7974858880043030, 0.0166989378631115],
  [-0.3651732206344604, -0.1605568528175354],
  [0.6383119821548462, 0.3494950532913208],
  [0.7857872843742371, 0.0465857386589050],
  [0.4985325038433075, -0.0148348798975348],
  [-0.3568737804889679, -0.6223459839820862],
  [-0.8014616370201111, 0.0494298115372658],
  [-0.5330978035926819, -0.0813928246498108],
  [-0.3401904404163361, -0.7291526198387146],
  [-0.2150265276432037, 0.7532426714897156],
  [-0.2550156116485596, -0.6517826914787292],
  [-0.6199535727500916, 0.0437653586268425],
  [-0.2340759038925171, -0.5457692146301270],
  [-0.6456785798072815, 0.0698493421077728],
  [0.0625534281134605, -0.0922924429178238],
  [-0.1184297576546669, 0.1989703923463821],
  [0.6212232708930969, -0.2876431345939636],
  [0.6568900346755981, -0.1451599001884460],
  [-0.4563160240650177, -0.1399770230054855],
  [0.3333393633365631, 0.2148900777101517],
  [0.2218903303146362, 0.6185097694396973],
  [0.3581848740577698, -0.6254816055297852],
  [0.1746912300586700, 0.0039240461774170],
  [-0.8568833470344543, 0.0425669513642788],
  [0.0685493573546410, 0.5867036581039429],
  [0.0621092058718204, 0.2401023954153061],
  [-0.2094656527042389, -0.3840955197811127],
  [-0.0156373828649521, 0.6279824376106262],
  [0.4820786416530609, 0.2309853136539459],
  [-0.1737311780452728, -0.3889115452766418],
  [0.0540668927133083, 0.2579813301563263],
  [-0.1413523405790329, 0.6203900575637817],
  [0.3692103326320648, 0.4892064332962036],
  [-0.0899425148963928, 0.6058815717697144],
  [-0.5300599336624146, -0.4703232645988464],
  [-0.0932651385664940, -0.5106768608093262],
  [-0.7115545272827148, -0.6676318645477295],
  [-0.1280294805765152, -0.5802977085113525],
  [-0.5293388962745667, 0.6658373475074768],
  [-0.4159176051616669, 0.5319764614105225],
  [0.0666234865784645, 0.0150503274053335],
  [-0.3866735398769379, -0.0536535456776619],
  [-0.8276102542877197, 0.2065707296133041],
  [-0.6023104190826416, 0.3414483070373535],
  [0.0930421575903893, -0.3171923160552979],
  [0.2716039121150970, 0.5077294707298279],
  [0.0020855576731265, 0.5583169460296631],
  [-0.0913166105747223, -0.4930965304374695],
  [0.0298692956566811, -0.3295872807502747],
  [-0.3470588624477386, -0.0872284546494484],
  [-0.1021458730101585, 0.5575613975524902],
  [-0.1950117051601410, 0.2544255852699280],
  [-0.5257921814918518, -0.4295163154602051],
  [0.5182556509971619, -0.0349766425788403],
  [-0.3943163752555847, -0.4831209182739258],
  [0.3155197501182556, 0.1075472831726074],
  [-0.4340712726116180, 0.5273062586784363],
  [-0.1606723368167877, 0.1227649301290512],
  [-0.2826986908912659, -0.4249189496040344],
  [-0.5128772258758545, -0.2327366769313812],
  [0.1132874935865402, -0.5192258358001709],
  [-0.1685812771320343, -0.2778987884521484],
  [-0.4288429617881775, -0.4923438429832458],
  [-0.0116015523672104, -0.2885841727256775],
  [-0.3207410573959351, 0.3959879875183105],
  [0.2722190618515015, 0.2910152971744537],
  [0.2260977029800415, -0.4874463081359863],
  [-0.7760549783706665, -0.4375463724136353],
  [-0.1134615316987038, -0.5925099849700928],
  [-0.5008253455162048, -0.1802778989076614],
  [0.1696834862232208, 0.0828903019428253],
  [-0.0997123420238495, 0.0828386917710304],
  [0.0461283400654793, -0.2788084745407104],
  [-0.3288672864437103, 0.4567718505859375],
  [0.6135714054107666, -0.1092561781406403],
  [-0.1843273341655731, -0.3084380030632019],
  [0.7066481113433838, -0.3315312564373016],
  [0.0079353488981724, 0.2779569327831268],
  [0.5572310090065002, 0.0812981054186821],
  [-0.0247237812727690, 0.4990638792514801],
  [0.2692257463932037, -0.0298334434628487],
  [-0.0588563457131386, 0.4678211808204651],
  [-0.1658912897109985, 0.7241844534873962],
  [-0.0484296344220638, 0.1651334464550018],
  [0.0253002140671015, 0.8371543288230896],
  [0.1658896207809448, -0.1778326630592346],
  [0.0606524422764778, -0.4743791222572327],
  [-0.2126620113849640, 0.2584099173545837],
  [0.4122812151908875, -0.5268648266792297],
  [-0.6765451431274414, -0.3963911831378937],
  [-0.3973540365695953, -0.1958212107419968],
  [-0.1159397661685944, 0.2985662221908569],
  [-0.2902674973011017, -0.1686687469482422],
  [-0.1748607456684113, 0.1419303864240646],
  [0.0131166595965624, -0.2516148388385773],
  [0.2253017574548721, -0.3658387064933777],
  [-0.2795388698577881, -0.2453870475292206],
  [0.6233198642730713, 0.4199332892894745],
  [-0.0772419571876526, -0.2728606164455414],
  [-0.2887130081653595, -0.4556854367256165],
  [-0.0348816663026810, -0.1090319231152534],
  [-0.4117711782455444, -0.2703330814838409],
  [0.2062375098466873, -0.5101138353347778],
  [0.5065402388572693, -0.3209119439125061],
  [0.0561410635709763, -0.2271179258823395],
  [0.2922760248184204, 0.0050550224259496],
  [0.0177643690258265, -0.4213159978389740],
  [0.2249157726764679, -0.1383162140846252],
  [-0.1133095473051071, -0.2414925247430801],
  [0.2513201832771301, -0.0092946272343397],
  [-0.0530786588788033, 0.0796344205737114],
  [-0.6285539269447327, 0.3629894554615021],
  [-0.2178318947553635, -0.1462550163269043],
  [0.0616554804146290, 0.4696103036403656],
  [-0.3011447191238403, 0.3415956497192383],
  [0.0888197496533394, -0.1314082592725754],
  [0.0351761132478714, 0.2207322865724564],
  [-0.3455381989479065, 0.5861276388168335],
  [-0.4471546411514282, -0.4912426173686981],
  [-0.1764903962612152, -0.7604157924652100],
  [0.0317003689706326, -0.6323369145393372],
  [0.5938360095024109, -0.1195563971996307],
  [0.4097566306591034, -0.6476806998252869],
  [-0.7249784469604492, -0.4956313371658325],
  [-0.2743427753448486, 0.0055160992778838],
  [-0.5569283962249756, 0.2697364687919617],
  [0.6199374794960022, -0.4972794353961945],
  [-0.2052563726902008, -0.1226434707641602],
  [-0.1921871304512024, -0.1051277145743370],
  [-0.4888728559017181, 0.4471064507961273],
  [-0.0289575029164553, 0.0124895982444286],
  [-0.7473508715629578, 0.2394043356180191],
  [0.7790790200233459, -0.0634861290454865],
  [-0.4907096624374390, -0.3447325825691223],
  [0.1425532698631287, -0.0381434150040150],
  [0.0923970863223076, 0.4380466043949127],
  [0.5666389465332031, -0.1445820033550262],
  [0.3321228027343750, -0.2970518767833710],
  [0.1877821385860443, -0.3336834311485291],
  [-0.4780942797660828, 0.3860180079936981],
  [0.0067410939373076, 0.0511602908372879],
  [-0.2813329398632050, 0.7766094803810120],
  [0.3941145539283752, 0.6143706440925598],
  [0.2324567139148712, -0.0855348110198975],
  [0.1838400065898895, 0.1739605367183685],
  [0.1489863544702530, -0.0657033249735832],
  [0.0037033176049590, -0.3041117787361145],
  [0.2756130397319794, 0.1051808744668961],
  [-0.0856751203536987, 0.1462751179933548],
  [0.0360911078751087, -0.1183014437556267],
  [-0.3147112429141998, 0.1058429032564163],
  [-0.6017983555793762, 0.6086454391479492],
  [-0.1936758756637573, 0.1440558731555939],
  [0.1271099895238876, 0.2599918842315674],
  [-0.1901385039091110, 0.1668592244386673],
  [-0.2077642530202866, 0.7016004920005798],
  [-0.0136157982051373, 0.1463644057512283],
  [-0.0053287674672902, 0.3609506189823151],
  [-0.2886428236961365, -0.0701739564538002],
  [0.6446149945259094, -0.0153622785583138],
  [-0.5764944553375244, 0.3134387731552124],
  [0.3423011302947998, 0.0085807312279940],
  [0.5372885465621948, -0.1535565704107285],
  [0.0624859295785427, -0.3948669433593750],
  [-0.3832684755325317, -0.3429156839847565],
  [-0.1981332302093506, -0.2255097925662994],
  [0.2343473881483078, -0.4406084716320038],
  [-0.5548720359802246, 0.6669890880584717],
  [-0.6406959891319275, -0.0081063471734524],
  [0.4619144201278687, 0.2256463766098022],
  [-0.6562313437461853, -0.2608763277530670],
  [0.3417822718620300, 0.6507185697555542],
  [0.5573821663856506, -0.0619438625872135],
  [0.0629562810063362, 0.1335958987474442],
  [0.1041330248117447, 0.5525351166725159],
  [0.3648182153701782, -0.4083591401576996],
  [0.0592595003545284, -0.3015454709529877],
  [-0.5606221556663513, 0.0074814353138208],
  [0.3761514127254486, -0.5767993927001953],
  [0.5097494721412659, -0.1722893118858337],
  [-0.5442904233932495, -0.2533015012741089],
  [0.0789318159222603, 0.5216753482818604],
  [0.2119426727294922, -0.3078320324420929],
  [0.3140643239021301, -0.5576989650726318],
  [0.0934132188558578, -0.6116164326667786],
  [-0.0670681148767471, 0.5258673429489136],
  [0.7351757884025574, -0.1258831769227982],
  [0.2270397245883942, -0.2487106770277023],
  [-0.0492620505392551, 0.7812634706497192],
  [0.2648490667343140, -0.2726914882659912],
  [-0.8698908090591431, 0.1792698204517365],
  [0.5195829868316650, 0.4661017358303070],
  [0.0599357113242149, 0.6489500403404236],
  [-0.1555941551923752, -0.5304334759712219],
  [-0.1799235790967941, 0.6371780633926392],
  [-0.0038838146720082, -0.3866358697414398],
  [0.2364772409200668, -0.8251083493232727],
  [0.2959290444850922, -0.0674632862210274],
  [-0.1790141761302948, 0.3421002030372620],
  [0.0211599506437778, 0.5800955295562744],
  [0.3935204148292542, 0.3297387957572937],
  [-0.5422028899192810, -0.1456946134567261],
  [-0.1495798975229263, 0.6873394250869751],
  [-0.7662901878356934, 0.4602877199649811],
  [-0.3730679750442505, 0.4421027302742004],
  [0.5619060993194580, 0.0149464923888445],
  [0.6075669527053833, -0.2754227519035339],
  [-0.0330647751688957, -0.4390813708305359],
  [0.8237977027893066, -0.0670771300792694],
  [-0.0252651255577803, 0.2574730813503265],
  [0.7882758378982544, 0.0046323752030730],
  [0.3416700065135956, 0.3641940653324127],
  [-0.1684255003929138, -0.7764351367950439],
  [0.0312394183129072, -0.6087036728858948],
  [0.5113174319267273, 0.2315956652164459],
  [-0.7337319850921631, 0.1389596760272980],
  [0.2579438388347626, 0.6178494095802307],
  [-0.0776198655366898, -0.0508221164345741],
  [-0.4933535158634186, 0.2560941278934479],
  [0.2867673635482788, 0.3252432644367218],
  [-0.3837857842445374, -0.1838378906250000],
  [-0.0750456005334854, 0.0214975308626890],
  [-0.2017833441495895, 0.0079615907743573],
  [0.0447018630802631, -0.6669945120811462],
  [-0.1516075432300568, 0.0706125497817993],
  [0.1941827833652496, -0.2940964698791504],
  [0.5729655027389526, -0.6278094053268433],
  [0.1251158118247986, 0.8073121309280396],
  [-0.5513253808021545, 0.3390081226825714],
  [0.3626474738121033, -0.1430330276489258],
  [0.7231369614601135, -0.4582893848419189],
  [0.2944696247577667, 0.4193660020828247],
  [-0.1762220561504364, 0.3750000298023224],
  [-0.0859701260924339, -0.5657896995544434],
  [0.4681748747825623, 0.6756857037544250],
  [0.1613812297582626, 0.4674004018306732],
  [-0.0759706422686577, -0.7486650347709656],
  [-0.3082754611968994, -0.6273871064186096],
  [-0.2644846737384796, 0.2987990677356720],
  [-0.3834082484245300, 0.0160923711955547],
  [-0.4136139154434204, 0.1657233238220215],
  [-0.0412704050540924, 0.6238342523574829],
  [0.0141481980681419, 0.5453460812568665],
  [0.6109981536865234, 0.2783393859863281],
  [0.1327003538608551, -0.4211876690387726],
  [-0.3307698667049408, 0.7473747730255127],
  [-0.2253219485282898, 0.4774861037731171],
  [0.0863154679536819, -0.8742531538009644],
  [0.5501328110694885, 0.3146338760852814],
  [0.1347974687814713, 0.4974634945392609],
  [0.0421314314007759, 0.0618588551878929],
  [-0.4591482877731323, 0.1561430543661118],
  [0.0904057696461678, 0.5884742140769958],
  [-0.4577048420906067, 0.1960304677486420],
  [0.5439947247505188, -0.2619221210479736],
  [0.3217984139919281, -0.5738307237625122],
  [-0.3575858473777771, -0.1030044257640839],
  [-0.6655578017234802, 0.0994648039340973],
  [0.6413245201110840, -0.3624607324600220],
  [0.6814309954643250, 0.2643015086650848],
  [0.0133013650774956, 0.7895553708076477],
  [0.2260999977588654, -0.0375708639621735],
  [-0.1188956052064896, -0.4744254946708679],
  [-0.2792880833148956, 0.0685017704963684],
  [0.6469480395317078, -0.4563296139240265],
  [0.2012589722871780, 0.0384613536298275],
  [-0.0757452473044395, 0.0393373444676399],
  [0.1806565523147583, -0.1930341273546219],
  [0.7005252242088318, -0.0652291700243950],
  [0.3170596063137054, -0.1211517527699471],
  [0.1304263919591904, -0.5670968294143677],
  [0.1424919068813324, 0.4432395100593567],
  [0.3956064581871033, 0.5286781787872314],
  [0.2921261787414551, 0.0768543630838394],
  [-0.2526445984840393, 0.1171213462948799],
  [-0.0743446797132492, -0.3574841022491455],
  [-0.3015134632587433, 0.1586532890796661],
  [0.0320141986012459, -0.1901049762964249],
  [0.1872039735317230, -0.6975831985473633],
  [0.5840858817100525, 0.1866287291049957],
  [0.0443007946014404, 0.2367457151412964],
  [-0.0162952076643705, 0.1827376037836075],
  [-0.1545453071594238, -0.1779694855213165],
  [-0.1334591060876846, -0.2903449535369873],
  [-0.0021192186977714, 0.4925132989883423],
  [-0.1263453215360641, 0.3134710788726807],
  [0.1576441675424576, 0.6135825514793396],
  [0.2459056228399277, 0.1379711627960205],
  [-0.1629263460636139, -0.2163913249969482],
  [0.5834974646568298, -0.5310055613517761],
  [0.1888062804937363, -0.3123058676719666],
  [0.3817336857318878, -0.0524763129651546],
  [0.3105475902557373, -0.0193742103874683],
  [-0.4502199292182922, -0.1027070283889771],
  [-0.2457269132137299, 0.3247475326061249],
  [-0.1813462674617767, 0.0287533197551966],
  [-0.7340549230575562, -0.1763810813426971],
  [-0.1559268832206726, -0.4285003840923309],
  [0.1650216281414032, -0.2942812144756317],
  [0.3100343346595764, -0.6229431033134460],
  [-0.4773457348346710, -0.1288625448942184],
  [0.6898992657661438, 0.3090206384658813],
  [-0.0246808342635632, 0.6835103631019592],
  [0.1853977590799332, 0.2429234683513641],
  [0.2056037783622742, 0.3418597579002380],
  [0.1037918552756310, 0.4629830718040466],
  [-0.3176080882549286, -0.4219438731670380],
  [0.3420717120170593, 0.5409168601036072],
  [0.8843953013420105, -0.0936795175075531],
  [-0.1953197121620178, -0.7618682384490967],
  [-0.1462388485670090, 0.3732797503471375],
  [0.5690934658050537, -0.3938358426094055],
  [-0.5355461835861206, 0.0464704371988773],
  [-0.5355611443519592, 0.0278294682502747],
  [-0.0687292143702507, 0.0984089151024818],
  [0.2822223901748657, 0.3566154241561890],
  [-0.2517250776290894, -0.4929659664630890],
  [0.1179493144154549, -0.1472393423318863],
  [-0.5622068047523499, 0.0770885571837425],
  [0.0009795547230169, 0.6771344542503357],
  [0.3997403979301453, -0.3866812288761139],
  [0.4560608565807343, 0.3685589730739594],
  [0.3743233382701874, 0.4249881207942963],
  [0.3137351274490356, -0.5915696620941162],
  [0.1147314831614494, 0.2147428542375565],
  [-0.1932972669601440, -0.6712096929550171],
  [0.3910780251026154, 0.0111743183806539],
  [-0.4264759123325348, 0.2771067619323730],
  [0.5604970455169678, -0.2903102636337280],
  [-0.3523458242416382, 0.6298166513442993],
  [0.4067538380622864, 0.3776881694793701],
  [0.7559430003166199, -0.3101709783077240],
  [0.0826372504234314, 0.4780237972736359],
  [-0.3242143392562866, 0.2251946628093719],
  [-0.0456199981272221, 0.0490489713847637],
  [0.5044553875923157, -0.3687593638896942],
  [-0.9065713286399841, 0.3109157383441925],
  [-0.2578530609607697, -0.1780134886503220],
  [-0.3155104815959930, -0.2273599654436111],
  [0.0487067252397537, -0.6209295392036438],
  [-0.3785808980464935, -0.0848419219255447],
  [-0.0490755885839462, 0.7369431853294373],
  [0.0243983324617147, 0.1628954559564590],
  [0.1413761079311371, 0.0260060522705317],
  [-0.3410045206546783, -0.1124971285462379],
  [0.3228990435600281, 0.1824305653572083],
  [0.6752349138259888, -0.5458674430847168],
  [0.4432274997234344, -0.1584302634000778],
  [0.1067403480410576, -0.3979142010211945],
  [-0.6462802886962891, -0.3189727067947388],
  [0.5607039332389832, -0.2688209116458893],
  [-0.1670038849115372, 0.0619317367672920],
  [-0.1740898191928864, -0.1839163452386856],
  [0.4327197670936584, -0.6091496944427490],
  [-0.2794718146324158, -0.6190389394760132],
  [-0.2445771396160126, -0.3636783361434937],
  [0.1213090345263481, 0.1557771116495132],
  [0.2397276461124420, 0.7087376117706299],
  [0.2030958533287048, 0.1894584298133850],
  [0.4955458641052246, -0.2654836773872375],
  [0.0096381604671478, 0.1530913412570953],
  [0.2790086567401886, -0.2382463961839676],
  [-0.0792611092329025, -0.0235503781586885],
  [0.3318511247634888, -0.8386245965957642],
  [0.6718731522560120, -0.0936038494110107],
  [-0.1208785921335220, 0.0529445223510265],
  [0.4192825853824615, 0.0736974701285362],
  [0.1014237999916077, 0.0243034251034260],
  [0.1816150099039078, 0.2984782159328461],
  [-0.3206217288970947, 0.0772490054368973],
  [-0.5286574959754944, -0.2670289874076843],
  [0.2294088006019592, 0.0028086816892028],
  [0.3601088225841522, -0.4903964996337891],
  [-0.2919648289680481, 0.5592152476310730],
  [-0.1396540999412537, 0.1005828604102135],
  [0.1297265738248825, 0.4273025393486023],
  [-0.2266384214162827, 0.5414608716964722],
  [-0.1922561079263687, -0.0068932007998228],
  [0.2379565834999084, -0.0507819615304470],
  [-0.6306802630424500, -0.1942957788705826],
  [-0.1910874098539352, 0.0749452337622643],
  [-0.0031540475320071, -0.0603935047984123],
  [-0.2708937525749207, 0.1318826079368591],
  [-0.0383473895490170, 0.4290217459201813],
  [0.5933206081390381, 0.2018200010061264],
  [0.4244863390922546, 0.6880927681922913],
  [-0.2094154059886932, -0.7992970943450928],
  [-0.1521990001201630, 0.2826013565063477],
  [0.0881497636437416, 0.2088019847869873],
  [0.1859712153673172, -0.8117750883102417],
  [0.1114187464118004, 0.4411314129829407],
  [0.7647467851638794, 0.2279978990554810],
  [-0.1571086794137955, -0.1037621945142746],
  [0.1813932061195374, 0.0210485383868217],
  [0.5502010583877563, -0.0457881465554237],
  [-0.4626354277133942, -0.6226969957351685],
  [-0.2290384322404861, 0.3868274092674255],
  [-0.5902091264724731, 0.6613574028015137],
  [-0.5711187124252319, -0.1224935203790665],
  [0.8097098469734192, -0.1850378811359406],
  [0.6263146400451660, 0.1857345849275589],
  [0.2750244438648224, 0.7386597394943237],
  [-0.1236231923103333, 0.1253918111324310],
  [-0.3519541025161743, 0.2177238166332245],
  [-0.5991699695587158, -0.3317075967788696],
  [-0.3121919333934784, -0.5549686551094055],
  [-0.5105265974998474, 0.2486461251974106],
  [0.5919274687767029, 0.1705294698476791],
  [0.1638464480638504, -0.0111181680113077],
  [0.3828456997871399, 0.3752893507480621],
  [0.1254523247480392, -0.3637562990188599],
  [0.3521031141281128, 0.5690993666648865],
  [0.1163094937801361, 0.0835624858736992],
  [-0.3663205802440643, 0.3709566593170166],
  [0.3518466353416443, 0.6149367690086365],
  [0.1391691416501999, 0.1470357030630112],
  [-0.1307699829339981, -0.1106917932629585],
  [-0.5809924006462097, 0.1237746551632881],
  [0.4044001102447510, -0.3222080171108246],
  [-0.6900326013565063, -0.1722609102725983],
  [0.4210493564605713, -0.6304751634597778],
  [0.0520978495478630, -0.5545628666877747],
  [-0.3596599102020264, 0.2464576661586761],
  [-0.5916917324066162, -0.3157206177711487],
  [0.0107790837064385, 0.2483160197734833],
  [0.3381913304328918, -0.5642540454864502],
  [0.6860117316246033, -0.3264413475990295],
  [-0.4123150110244751, -0.4846959114074707],
  [0.1612049937248230, 0.0177014879882336],
  [0.1199865341186523, -0.1218150556087494],
  [0.5308648347854614, 0.2332136780023575],
  [0.0884204879403114, -0.0571580007672310],
  [-0.3498137593269348, -0.2490152120590210],
  [0.6503881216049194, 0.1572911590337753],
  [0.0812033414840698, -0.2864095568656921],
  [-0.5770061016082764, 0.0867385193705559],
  [0.2823784649372101, -0.0458309575915337],
  [0.0371531471610069, 0.6531253457069397],
  [-0.3220077753067017, 0.4764480590820312],
  [0.8096798658370972, 0.0875314250588417],
  [0.1340469866991043, -0.3151767849922180],
  [-0.2264214754104614, -0.0139097245410085],
  [0.5731631517410278, -0.5915935039520264],
  [0.8041701316833496, -0.0334100276231766],
  [-0.2277475148439407, 0.3623890280723572],
  [-0.1960856169462204, 0.6497676372528076],
  [0.1545114070177078, -0.5626217722892761],
  [-0.3805177509784698, -0.1193416267633438],
  [0.3743420243263245, 0.3919484317302704],
  [-0.1834149211645126, -0.3683475852012634],
  [0.2635443806648254, -0.0477358810603619],
  [-0.5878860354423523, -0.2717902064323425],
  [-0.5220685601234436, -0.5467017292976379],
  [0.2804638743400574, 0.0587244033813477],
  [-0.2003195285797119, -0.5240609049797058],
  [0.0560860335826874, 0.4384228587150574],
  [0.1890534758567810, -0.0556232891976833],
  [0.0020177599508315, 0.5978208184242249],
  [-0.5235817432403564, 0.1003816798329353],
  [0.5622124671936035, 0.0427610836923122],
  [-0.8130706548690796, -0.2373274117708206],
  [-0.1356716156005859, -0.4297603070735931],
  [0.0332393012940884, 0.0216439962387085],
  [-0.6702389121055603, 0.2424243241548538],
  [0.0276200361549854, -0.1651535332202911],
  [-0.4544731974601746, 0.1734320521354675],
  [-0.3578939139842987, 0.4221407175064087],
  [-0.3638895750045776, 0.0388934053480625],
  [0.0631287470459938, -0.2842827141284943],
  [0.2519246637821198, 0.0799059867858887],
  [0.2400943040847778, -0.1786327958106995],
  [0.6564982533454895, -0.2613953053951263],
  [0.3604737520217896, 0.1433123350143433],
  [0.0809793919324875, 0.0360594950616360],
  [0.2558569908142090, 0.0583523064851761],
  [0.3693158626556396, -0.0659277439117432],
  [0.1564658731222153, 0.3999083638191223],
  [-0.1606088131666183, 0.3840436041355133],
  [0.0758639872074127, -0.4641318023204803],
  [0.0534502863883972, -0.5738182067871094],
  [0.3462117612361908, -0.2782239317893982],
  [0.3427655398845673, -0.1274472773075104],
  [-0.4931855201721191, 0.4013735949993134],
  [-0.0580468885600567, 0.2960332334041595],
  [-0.2184214293956757, 0.2405645996332169],
  [-0.5141137242317200, -0.2094813287258148],
  [-0.6701188087463379, 0.6908162832260132],
  [-0.4523575007915497, -0.5245370268821716],
  [0.6457046866416931, -0.3056747913360596],
  [0.1442656517028809, -0.8032577633857727],
  [0.2408747822046280, -0.3846785724163055],
  [0.4382321536540985, -0.3743144869804382],
  [0.2744257450103760, 0.5603887438774109],
  [-0.3892308473587036, 0.0469845086336136],
  [-0.8324208855628967, 0.0450389273464680],
  [-0.6227748394012451, -0.1615822315216064],
  [-0.0943950191140175, -0.7370801568031311],
  [0.2711474001407623, -0.4273492097854614],
  [-0.5731747746467590, -0.2819090187549591],
  [0.3030925393104553, 0.4505967795848846],
  [-0.3445549011230469, -0.3619424700737000],
  [0.9441713690757751, 0.1323456168174744],
  [0.3076362311840057, 0.5560320615768433],
  [-0.0756371021270752, 0.4737350642681122],
  [0.6101386547088623, 0.0774780511856079],
  [-0.0773772448301315, -0.1259548217058182],
  [0.1051152646541595, -0.1960475891828537],
  [-0.3861865699291229, -0.2437555640935898],
  [0.5159956812858582, -0.1206708624958992],
  [0.2310389876365662, -0.3135114610195160],
  [-0.1357403099536896, 0.1952374577522278],
  [0.5617312192916870, -0.5092493891716003],
  [-0.4425492882728577, -0.2093770951032639],
  [0.1981795728206635, -0.0016248080646619],
  [-0.1778687536716461, -0.2548812925815582],
  [0.0776555761694908, -0.4265790879726410],
  [-0.2515010237693787, 0.1995726376771927],
  [0.5433938503265381, -0.5021122694015503],
  [-0.3034081459045410, 0.2832845151424408],
  [-0.0375148169696331, 0.3536418974399567],
  [0.2568499445915222, -0.0653610453009605],
  [0.0715538561344147, 0.4533149898052216],
  [-0.0243757441639900, 0.3703189790248871],
  [-0.1153314709663391, 0.3738348484039307],
  [-0.1670091897249222, 0.6611137986183167],
  [-0.0593842156231403, -0.7600139379501343],
  [0.7346960902214050, 0.0136763397604227],
  [0.4467751085758209, 0.1544733792543411],
  [0.0118404654785991, 0.3830506503582001],
  [0.3101859092712402, -0.3131810426712036],
  [0.4438259601593018, 0.2429714649915695],
  [-0.1634496748447418, -0.2948094904422760],
  [-0.1255813986063004, 0.1807672083377838],
  [0.1175629571080208, 0.4900969862937927],
  [-0.0909513756632805, 0.3912718296051025],
  [0.4761574268341064, 0.2525011897087097],
  [-0.2209437638521194, 0.2179424017667770],
  [-0.1222542822360992, -0.4412569403648376],
  [0.2882437407970428, 0.1294605433940887],
  [0.3504669666290283, -0.0400082655251026],
  [0.2442543655633926, 0.7979635000228882],
  [-0.4101701378822327, -0.0461522452533245],
  [0.5578787326812744, 0.2485084086656570],
  [0.2653036713600159, 0.3650732636451721],
  [-0.1706221997737885, -0.1666058301925659],
  [-0.0836272910237312, -0.2894813120365143],
  [-0.3914078176021576, 0.2833269238471985],
  [0.0041167726740241, 0.0336339138448238],
  [0.1685216128826141, -0.2126846462488174],
  [-0.1523946523666382, 0.1693306863307953],
  [-0.3607670962810516, 0.8240844011306763],
  [0.3240042328834534, -0.5159729123115540],
  [-0.1844440996646881, 0.0585879720747471],
  [-0.7835873365402222, 0.1249863654375076],
  [0.1643215715885162, 0.2596411406993866],
  [0.4876588881015778, 0.4788517057895660],
  [-0.6085196733474731, -0.1147013753652573],
  [-0.1567678898572922, -0.0052797873504460],
  [-0.2633172869682312, -0.2946630120277405],
  [0.5073876976966858, 0.1910182982683182],
  [-0.4893599450588226, -0.5512471795082092],
  [0.0412006042897701, -0.7455989718437195],
  [0.2394071966409683, 0.0924782902002335],
  [-0.0978338271379471, 0.9174278974533081],
  [0.3726914525032043, -0.4393934905529022],
  [0.6663147807121277, 0.1483820825815201],
  [0.1584205329418182, 0.0687292069196701],
  [-0.3244041502475739, -0.4000940620899200],
  [0.4062464833259583, -0.4490425884723663],
  [0.2394238561391830, -0.1018544062972069],
  [-0.2037226110696793, 0.1873064935207367],
  [0.5175660252571106, -0.4577344655990601],
  [0.6599884033203125, -0.2306369990110397],
  [-0.2367808073759079, -0.0811752453446388],
  [0.4320641160011292, -0.3073711097240448],
  [0.3410050272941589, 0.1452758759260178],
  [-0.3144744932651520, -0.7043056488037109],
  [-0.1148651838302612, 0.0919968634843826],
  [0.1709003895521164, -0.3110553622245789],
  [0.0504920259118080, -0.0793204680085182],
  [0.4692265987396240, 0.5058699846267700],
  [-0.4730189740657806, -0.1559482216835022],
  [-0.2477738708257675, -0.4303337335586548],
  [0.0593274831771851, -0.1530525088310242],
  [-0.2212240248918533, -0.5017386078834534],
  [0.5499231219291687, -0.3271975517272949],
  [-0.0076667340472341, 0.1192937120795250],
  [-0.4362140595912933, 0.4264821410179138],
  [-0.2053309530019760, -0.3390374779701233],
  [0.4159189462661743, -0.3727893829345703],
  [0.3003957271575928, 0.1166417375206947],
  [-0.6160047650337219, -0.0191996935755014],
  [-0.7113533616065979, 0.4834149181842804],
  [0.4064170122146606, 0.3591820001602173],
  [-0.3999421894550323, 0.3036468327045441],
  [0.6504448652267456, 0.0600797533988953],
  [-0.5986863970756531, 0.0087171001359820],
  [0.3101910650730133, -0.2322649508714676],
  [0.2468010783195496, 0.4947738945484161],
  [0.2123356610536575, -0.0886546149849892],
  [0.6445007920265198, 0.2571363747119904],
  [-0.5794177651405334, 0.0512916371226311],
  [0.3054464459419250, 0.6867994666099548],
  [0.0160817839205265, -0.1178331598639488],
  [-0.4220286309719086, 0.6281046867370605],
  [0.1133378371596336, 0.3949572741985321],
  [-0.4314916729927063, 0.6628773212432861],
  [0.1734049916267395, 0.3769050836563110],
  [-0.0995837524533272, 0.0508751720190048],
  [-0.5388084053993225, 0.2737643122673035],
  [0.1677140742540359, -0.4008353352546692],
  [0.6436249017715454, 0.1964907497167587],
  [0.4345226287841797, 0.0334468670189381],
  [-0.1952730566263199, -0.2622565031051636],
  [-0.0239687263965607, -0.5273984670639038],
  [0.5651662945747375, 0.5275390148162842],
  [0.2139037698507309, 0.3243818581104279],
  [-0.2977695465087891, 0.1805358678102493],
  [-0.3728914558887482, 0.5784437060356140],
  [-0.0306796934455633, -0.3996908664703369],
  [-0.3046331405639648, 0.0166957378387451],
  [0.3532731533050537, 0.3192010819911957],
  [0.0704091563820839, -0.1186339259147644],
  [0.3815028965473175, 0.2664988636970520],
  [-0.3117818236351013, -0.7875159382820129],
  [-0.7495894432067871, 0.2032479047775269],
  [-0.5093934535980225, 0.1109876558184624],
  [-0.2426254898309708, 0.2321423888206482],
  [0.7082360982894897, -0.2453237771987915],
  [0.1847931295633316, -0.0337616764008999],
  [0.0151179870590568, -0.6425090432167053],
  [-0.2061277925968170, 0.4747888147830963],
  [-0.5911743044853210, -0.1102868616580963],
  [0.3035478591918945, 0.0191317759454250],
  [-0.0548336990177631, 0.0179845076054335],
  [-0.0123285111039877, 0.1008008792996407],
  [0.1372988522052765, -0.2155138105154037],
  [-0.2616431415081024, -0.5110595822334290],
  [-0.5682770609855652, -0.2245667576789856],
  [0.2772984206676483, 0.0874983072280884],
  [-0.1179359778761864, -0.2240296602249146],
  [-0.1444275677204132, -0.2495610415935516],
  [0.4450678825378418, -0.3922530710697174],
  [0.3013495504856110, -0.1877232342958450],
  [0.2196212857961655, -0.3468833565711975],
  [0.3931061923503876, 0.1698847264051437],
  [-0.4985969364643097, -0.0199986826628447],
  [0.0813190266489983, 0.3185103535652161],
  [0.2323810458183289, 0.8110584020614624],
  [-0.3415769636631012, 0.4691798985004425],
  [-0.2283731549978256, 0.1970505863428116],
  [-0.2772904932498932, 0.6386886835098267],
  [0.3065105080604553, 0.1510812789201736],
  [0.3706125319004059, -0.1967330425977707],
  [-0.0292944181710482, -0.0918856337666512],
  [0.0460020080208778, 0.1394838839769363],
  [0.1439465731382370, 0.0514543280005455],
  [-0.5796186327934265, 0.2920090258121490],
  [0.3458439409732819, -0.4233642220497131],
  [0.3432652056217194, -0.5819088816642761],
  [-0.2425056695938110, 0.7936514019966125],
  [0.1617576628923416, 0.1449861973524094],
  [0.0989928469061852, 0.2394088655710220],
  [-0.3531779646873474, 0.0797505453228951],
  [-0.5545986890792847, -0.6077170372009277],
  [0.2959838509559631, 0.0351379849016666],
  [0.6925985217094421, 0.4425589442253113],
  [-0.5628293156623840, -0.5459567308425903],
  [-0.1896263509988785, 0.2238723188638687],
  [-0.0920676365494728, 0.4808477759361267],
  [0.7496755123138428, -0.1593409180641174],
  [-0.6420984864234924, -0.1662007123231888],
  [-0.1150618493556976, 0.3531894981861115],
  [-0.2851330935955048, 0.2890783846378326],
  [0.4804638624191284, 0.1477040052413940],
  [0.1658062040805817, -0.3821131289005280],
  [-0.1750608831644058, -0.0109645668417215],
  [0.3233945071697235, -0.2119674235582352],
  [-0.2146480679512024, 0.7276685833930969],
  [-0.3438588678836823, 0.2380132079124451],
  [-0.0673605203628540, -0.2368677705526352],
  [-0.1714563369750977, 0.1993153840303421],
  [0.2745296359062195, -0.0616495981812477],
  [0.6876568198204041, -0.0773122459650040],
  [0.3473135232925415, -0.4032579362392426],
  [0.1680191904306412, 0.4143653512001038],
  [0.0534354485571384, 0.5381321310997009],
  [0.2225061058998108, 0.2636463642120361],
  [0.2505071759223938, -0.2519596517086029],
  [-0.6159865856170654, 0.2380917817354202],
  [-0.0544610731303692, -0.6345472335815430],
  [-0.0007328159990720, -0.4410214126110077],
  [0.2214850783348083, 0.5901496410369873],
  [-0.0000619072961854, -0.8624979853630066],
  [0.1830279231071472, 0.1435555368661880],
  [0.3199329972267151, 0.0675592422485352],
  [0.2540917098522186, 0.6368859410285950],
  [-0.1520457863807678, -0.6360110640525818],
  [-0.5239216089248657, -0.1792736053466797],
  [0.3808741867542267, 0.4085944890975952],
  [0.2095637172460556, 0.0973833054304123],
  [-0.4444485902786255, 0.0652587860822678],
  [0.1060900613665581, -0.2157516777515411],
  [0.4123820662498474, 0.3181084692478180],
  [0.4233707189559937, -0.0781963169574738],
  [-0.2739201188087463, 0.3217772245407104],
  [0.7092908620834351, -0.1096016541123390],
  [0.2063091993331909, -0.2397647649049759],
  [0.0757563859224319, -0.1787826865911484],
  [-0.6230876445770264, 0.1219785958528519],
  [-0.5076766014099121, -0.1590102761983871],
  [0.1854924410581589, 0.3478152453899384],
  [0.1281649768352509, 0.5175302028656006],
  [-0.3909840881824493, -0.6738937497138977],
  [0.1541073620319366, -0.4647924304008484],
  [-0.2228534072637558, 0.2731348872184753],
  [-0.2029608637094498, -0.0837758183479309],
  [0.9346364140510559, -0.2685185670852661],
  [-0.2882383465766907, -0.5785577893257141],
  [0.6854728460311890, -0.0487917065620422],
  [-0.4647021293640137, -0.3483465313911438],
  [-0.4166724383831024, 0.0063949492760003],
  [-0.2682857513427734, -0.3820231258869171],
  [0.3587599694728851, -0.5958546996116638],
  [0.7713991403579712, -0.2777597308158875],
  [0.2202679812908173, -0.3281621634960175],
  [-0.1877128779888153, 0.6685341000556946],
  [-0.6546372771263123, -0.3371275365352631],
  [-0.5237672328948975, -0.0322293490171432],
  [-0.6852139830589294, 0.1390228867530823],
  [0.0126324184238911, 0.0930757224559784],
  [0.2205365151166916, -0.0593683011829853],
  [0.1091651469469070, -0.2523988783359528],
  [-0.0085094776004553, 0.3422418832778931],
  [0.0239925216883421, -0.5050787329673767],
  [-0.2407377660274506, -0.1424777209758759],
  [0.6125048995018005, 0.1715962737798691],
  [0.2122435271739960, -0.3778775334358215],
  [-0.2689836621284485, 0.3395336270332336],
  [0.2030817866325378, -0.4387834668159485],
  [-0.4293559789657593, -0.1756824702024460],
  [0.4472714364528656, 0.1854430586099625],
  [0.7387148141860962, 0.3511438965797424],
  [0.1947161257266998, -0.0855811014771461],
  [-0.2097417712211609, 0.0369223691523075],
  [-0.0018388410098851, 0.0078525943681598],
  [-0.2477626502513885, -0.1965034008026123],
  [-0.0570460781455040, -0.1552793681621552],
  [-0.3181393146514893, 0.3655840158462524],
  [0.2396515309810638, 0.5738901495933533],
  [-0.0127360848709941, 0.4022822380065918],
  [-0.0430246964097023, 0.4967163801193237],
  [-0.3707261085510254, 0.0743627399206161],
  [-0.1732197105884552, -0.0285524688661098],
  [-0.4724152982234955, -0.0164113678038120],
  [-0.1232566535472870, 0.4574146270751953],
  [0.4310106635093689, 0.4330546855926514],
  [0.1570196896791458, -0.1440654695034027],
  [0.3129661381244659, -0.4438921213150024],
  [0.6706604957580566, -0.1897715628147125],
  [-0.3096350431442261, -0.5724483132362366],
  [0.0362591296434402, 0.3750485181808472],
  [0.1331003755331039, -0.2538520991802216],
  [-0.0489861071109772, -0.4880170822143555],
  [-0.3559910356998444, 0.2750070691108704],
  [0.5042175650596619, 0.0121941836550832],
  [0.4520165026187897, 0.0277386307716370],
  [0.5489628314971924, 0.4496203064918518],
  [0.0916420146822929, 0.7693476080894470],
  [-0.3984908461570740, -0.2295680344104767],
  [-0.5722762942314148, -0.1038511469960213],
  [0.0743587017059326, -0.0688343495130539],
  [0.2343885004520416, 0.4483002722263336],
  [-0.1152652800083160, 0.7320144176483154],
  [0.6920494437217712, 0.2907618880271912],
  [-0.4664433002471924, 0.2231314778327942],
  [-0.4691788554191589, -0.1021121293306351],
  [-0.5968927145004272, -0.2522751092910767],
  [0.3691765367984772, 0.7506663203239441],
  [0.0551073513925076, -0.0439999550580978],
  [-0.2707472741603851, 0.1893367022275925],
  [-0.1875818371772766, -0.1719800829887390],
  [0.0619158558547497, 0.3026749789714813],
  [0.3719793558120728, 0.3506238460540771],
  [-0.2496130466461182, 0.2730298340320587],
  [-0.1940460503101349, 0.6017335653305054],
  [0.1119248494505882, 0.5952407717704773],
  [-0.5327405929565430, -0.2306592166423798],
  [0.0901041924953461, -0.4869613647460938],
  [0.2045086920261383, -0.4798642694950104],
  [-0.2970496118068695, -0.1869128942489624],
  [-0.0142966276034713, -0.7968589067459106],
  [-0.1232031509280205, 0.1076686680316925],
  [0.5938223004341125, 0.0143397254869342],
  [0.7199397087097168, -0.0006724431295879],
  [0.7370656728744507, -0.1469911336898804],
  [0.6301961541175842, -0.2634946703910828],
  [0.4746554493904114, 0.2779828608036041],
  [-0.1470024138689041, -0.5148450136184692],
  [0.4970247447490692, -0.0326536260545254],
  [-0.0238031856715679, -0.0632494315505028],
  [-0.2267799824476242, -0.3207971155643463],
  [0.0251998323947191, 0.2363724857568741],
  [-0.2592833042144775, -0.5598646402359009],
  [-0.0416395962238312, -0.0588355176150799],
  [-0.2065089046955109, -0.2470597922801971],
  [0.1311332434415817, -0.4877982139587402],
  [-0.4862986207008362, 0.2395551800727844],
  [0.1889981627464294, -0.4093575179576874],
  [-0.4704641997814178, 0.0952679291367531],
  [0.2253252416849136, 0.3984033167362213],
  [-0.5957587957382202, -0.3899449110031128],
  [0.2499829977750778, -0.0345855094492435],
  [-0.5637708902359009, -0.6231690049171448],
  [-0.5431370139122009, 0.0970493555068970],
  [-0.6137858033180237, 0.5595719218254089],
  [-0.6206699609756470, -0.5207958221435547],
  [-0.0967104062438011, 0.3379182815551758],
  [0.4913269579410553, 0.1834731251001358],
  [0.1764512658119202, 0.4577889442443848],
  [0.4881377816200256, -0.4634209275245667],
  [-0.3862165212631226, 0.2066470384597778],
  [-0.0543466322124004, -0.0725564435124397],
  [-0.6127566099166870, -0.4029836058616638],
  [0.1621686518192291, 0.5909688472747803],
  [-0.7249780297279358, 0.5228270292282104],
  [-0.1927343904972076, 0.0429342053830624],
  [0.8189928531646729, -0.0234312433749437],
  [-0.3976537585258484, -0.0333368331193924],
  [0.2674074470996857, 0.4066357612609863],
  [-0.2608280479907990, -0.0345377810299397],
  [-0.1880522519350052, -0.0691497698426247],
  [-0.6021665930747986, 0.0666992813348770],
  [0.0136945396661758, 0.3262771368026733],
  [-0.1835643500089645, -0.2150447219610214],
  [-0.5695821046829224, 0.3934617638587952],
  [0.6418102383613586, 0.0253585297614336],
  [0.6657170057296753, -0.5239945054054260],
  [0.1505473107099533, -0.4216306507587433],
  [0.5410179495811462, -0.2097594290971756],
  [0.4896186888217926, 0.2686012089252472],
  [-0.5720332860946655, -0.2443365156650543],
  [-0.5154893994331360, -0.0481724739074707],
  [-0.4435548484325409, 0.0842409580945969],
  [0.2648209035396576, 0.4913472831249237],
  [0.4594222903251648, 0.4234787523746490],
  [-0.5125069618225098, -0.2789968252182007],
  [-0.0548015385866165, -0.5619018077850342],
  [-0.3499261736869812, -0.0344691053032875],
  [-0.4500955939292908, 0.0217993296682835],
  [0.4738800823688507, 0.3849832117557526],
  [-0.4324050843715668, -0.2463723868131638],
  [0.0763814076781273, 0.6031768321990967],
  [-0.4779433012008667, 0.4228753149509430],
  [-0.4091859757900238, -0.1660520732402802],
  [-0.4807959198951721, 0.5554299950599670],
  [0.7405659556388855, -0.0697884708642960],
  [-0.6973463892936707, 0.2125027775764465],
  [-0.2733816504478455, -0.0471638403832912],
  [0.1001493781805038, -0.4584027826786041],
  [0.3223232626914978, -0.4600324332714081],
  [0.0572890006005764, -0.2083362191915512],
  [0.4701408445835114, -0.4957157373428345],
  [0.1881422698497772, -0.4885065555572510],
  [0.0292357094585896, -0.2869812250137329],
  [0.5371825098991394, 0.1178395152091980],
  [-0.2535745203495026, -0.0664360895752907],
  [-0.4716926813125610, -0.6601858735084534],
  [0.6050338149070740, 0.2435918301343918],
  [-0.1584623456001282, -0.0853478014469147],
  [-0.3773241937160492, 0.2459680438041687],
  [0.0762616842985153, -0.0298939347267151],
  [0.2544890940189362, 0.3002861142158508],
  [-0.7543348670005798, -0.4393317699432373],
  [-0.2097626328468323, -0.7149366736412048],
  [0.3561980128288269, -0.2981376647949219],
  [0.1888854354619980, -0.4278915822505951],
  [-0.5565453171730042, 0.1961278021335602],
  [0.4452387392520905, 0.4984392225742340],
  [-0.0744554400444031, -0.2103766798973083],
  [0.0831495299935341, -0.4439368844032288],
  [-0.1444637924432755, -0.8009920120239258],
  [0.0861336216330528, -0.6500207781791687],
  [0.4213893115520477, -0.8350283503532410],
  [-0.6785652041435242, 0.1883754879236221],
  [0.0857310891151428, -0.7972641587257385],
  [-0.0892154276371002, 0.2538923621177673],
  [-0.0943936333060265, -0.6938843131065369],
  [-0.4280181825160980, -0.1933239549398422],
  [0.3812974989414215, 0.1359989792108536],
  [-0.1464512199163437, -0.7479072213172913],
  [-0.1294622123241425, 0.5636574029922485],
  [0.2999349832534790, 0.0981131121516228],
  [-0.5083078742027283, -0.3163031339645386],
  [0.6515978574752808, 0.4224814772605896],
  [-0.0768130496144295, -0.6967641711235046],
  [-0.5695580244064331, -0.2993941307067871],
  [0.3825893998146057, -0.4562740623950958],
  [-0.0881969258189201, 0.0044528222642839],
  [-0.6228076219558716, 0.0859074294567108],
  [0.6839292645454407, 0.0397467091679573],
  [-0.5527461767196655, 0.0425149761140347],
  [-0.6283234357833862, -0.2377921193838120],
  [0.0936226025223732, -0.1143480688333511],
  [-0.2994665205478668, -0.3530206382274628],
  [0.1909628659486771, 0.7003036737442017],
  [-0.2710259854793549, -0.2786964178085327],
  [0.6157995462417603, 0.3560386300086975],
  [0.3017435073852539, 0.3400707244873047],
  [-0.6057256460189819, -0.2368776500225067],
  [0.3751145899295807, 0.1650681346654892],
  [-0.0599159337580204, -0.0102535868063569],
  [-0.2706992328166962, 0.3655799627304077],
  [-0.8053716421127319, 0.3606809675693512],
  [0.7682247757911682, -0.1215727701783180],
  [-0.1127326264977455, 0.6288959383964539],
  [-0.6845540404319763, -0.0567430369555950],
  [0.4380975961685181, 0.1703251451253891],
  [0.1371840834617615, -0.8753138780593872],
  [0.6629725098609924, 0.5015462040901184],
  [0.1770860552787781, 0.1241180300712585],
  [0.5314571261405945, 0.4465444087982178],
  [-0.8303347229957581, -0.1727869659662247],
  [0.4649692177772522, -0.6014314889907837],
  [0.3849847018718719, -0.7570157051086426],
  [0.2831462621688843, 0.1464070081710815],
  [0.1039447337388992, 0.7974117398262024],
  [0.2139538675546646, 0.7711386084556580],
  [0.3166537284851074, 0.4623374342918396],
  [0.0723490938544273, -0.6774005889892578],
  [0.3543715476989746, 0.2531162798404694],
  [-0.5953769087791443, 0.0975489467382431],
  [-0.0173689872026443, -0.4474267065525055],
  [0.1789438128471375, 0.7147525548934937],
  [0.1733106523752213, 0.2066398859024048],
  [-0.0749955922365189, 0.0746604129672050],
  [-0.5136340260505676, 0.1281996965408325],
  [0.2566558718681335, 0.1050085648894310],
  [-0.6925341486930847, 0.1703336983919144],
  [-0.6237104535102844, -0.3692788183689117],
  [0.2465622425079346, -0.2346111387014389],
  [-0.2307562232017517, -0.2126717269420624],
  [0.4342808425426483, 0.2748718857765198],
  [0.1105269417166710, -0.1067584753036499],
  [-0.1008618474006653, 0.2824918329715729],
  [0.0746983736753464, 0.2818081378936768],
  [0.4933502674102783, -0.3345848023891449],
  [-0.0431954637169838, -0.3103053867816925],
  [0.7216286063194275, -0.4996825158596039],
  [-0.5024396181106567, 0.4608152508735657],
  [-0.0578652843832970, 0.0360438488423824],
  [0.3990145027637482, 0.7644812464714050],
  [-0.3807935118675232, -0.4344487786293030],
  [-0.1307254135608673, 0.0017369051929563],
  [0.2087679058313370, 0.6026007533073425],
  [-0.0066311038099229, 0.3245672285556793],
  [0.0019483023788780, -0.6556690931320190],
  [-0.3322141468524933, -0.2408972084522247],
  [-0.1966382563114166, -0.6535493135452271],
  [-0.1667082607746124, -0.4838861525058746],
  [0.3488439917564392, -0.0092158885672688],
  [-0.3125587999820709, 0.7026193141937256],
  [-0.4886625111103058, -0.0516513548791409],
  [-0.4353206753730774, 0.2390112727880478],
  [-0.1367156952619553, 0.0607294552028179],
  [-0.3366228342056274, -0.2617946863174438],
  [0.0231769569218159, 0.4516988694667816],
  [0.3098493516445160, -0.5404580831527710],
  [-0.3512417376041412, -0.1496890187263489],
  [0.1269071102142334, -0.2986403107643127],
  [0.0779952108860016, -0.3426875770092010],
  [0.4864695668220520, -0.3786466717720032],
  [0.2607111632823944, -0.1536338776350021],
  [0.0100546795874834, 0.6924502253532410],
  [0.5960474014282227, 0.0666242837905884],
  [0.5499171614646912, -0.2451042532920837],
  [-0.2198916077613831, 0.0696686729788780],
  [-0.3806573450565338, -0.2258743643760681],
  [-0.5825479030609131, 0.3792414069175720],
  [0.4605215787887573, -0.1911015212535858],
  [-0.0637094080448151, -0.0877477303147316],
  [-0.1088168323040009, 0.5739990472793579],
  [-0.4275444149971008, -0.2189570516347885],
  [-0.4840443432331085, -0.0301582086831331],
  [-0.0389155671000481, 0.3104397356510162],
  [0.3612281084060669, -0.4611550271511078],
  [-0.2351085692644119, -0.7854998111724854],
  [0.0299604590982199, 0.0896780267357826],
  [-0.5028041601181030, 0.3249564170837402],
  [0.0914682894945145, -0.0060851885937154],
  [-0.4044938683509827, 0.6411272883415222],
  [0.0280273035168648, -0.7005583047866821],
  [-0.4331923127174377, -0.6196653842926025],
  [0.3643981516361237, -0.6894211769104004],
  [-0.6924178004264832, -0.0748338326811790],
  [0.0704537853598595, -0.1958880722522736],
  [0.2236914932727814, 0.7012219429016113],
  [-0.2993860244750977, -0.4176112115383148],
  [0.3977097272872925, 0.6875323653221130],
  [0.0922872796654701, -0.0390190817415714],
  [-0.2577408850193024, 0.4819629490375519],
  [-0.2851935625076294, -0.0151103530079126],
  [0.1739497035741806, 0.2746713757514954],
  [0.2283307313919067, 0.1068485528230667],
  [0.5269457101821899, 0.1941692233085632],
  [0.4102679193019867, -0.7884720563888550],
  [-0.2835652530193329, 0.1569238752126694],
  [0.4556457698345184, -0.3773912489414215],
  [-0.0133834574371576, -0.1363317072391510],
  [-0.3340598046779633, -0.3286653459072113],
  [0.6787430644035339, 0.3577616512775421],
  [-0.3048084378242493, 0.5333552360534668],
  [-0.3823994398117065, 0.5490763783454895],
  [-0.0399815067648888, -0.2894526422023773],
  [-0.0701046735048294, 0.2029828131198883],
  [0.1814738363027573, -0.2251160442829132],
  [-0.4034930467605591, 0.6231121420860291],
  [-0.3256545364856720, 0.7147536277770996],
  [0.4265100359916687, -0.6557609438896179],
  [0.8214058876037598, 0.3261847496032715],
  [0.4732694029808044, -0.3218240439891815],
  [0.0719001069664955, -0.4098210036754608],
  [-0.5884056091308594, -0.2926932871341705],
  [0.2950191795825958, -0.4454151690006256],
  [-0.8265981078147888, -0.1907681375741959],
  [-0.4156957268714905, 0.4565028548240662],
  [0.0211874917149544, 0.2896537482738495],
  [0.0743539035320282, 0.8907588124275208],
  [-0.1993236541748047, -0.1852036714553833],
  [0.4344736933708191, -0.5436629056930542],
  [-0.0604602135717869, 0.0609362050890923],
  [0.0610874667763710, -0.3194399774074554],
  [-0.0947309285402298, -0.3425664007663727],
  [0.1951377242803574, 0.2097681313753128],
  [0.5317938923835754, -0.3852216601371765],
  [0.2431625574827194, 0.3248223066329956],
  [0.1259876936674118, -0.0449521988630295],
  [-0.3920471966266632, 0.1199558153748512],
  [-0.1081575676798820, -0.5631750822067261],
  [0.0982850193977356, 0.6909021139144897],
  [0.4243694245815277, -0.3509301543235779],
  [0.2643918991088867, -0.3884770870208740],
  [-0.3067238032817841, 0.5954169631004333],
  [-0.2315239608287811, -0.1273721307516098],
  [0.5090661644935608, 0.3093863427639008],
  [0.5183305740356445, -0.0155156683176756],
  [0.0961291342973709, 0.6241550445556641],
  [0.0340770483016968, 0.1777192652225494],
  [0.0430511794984341, -0.7675767540931702],
  [0.0878095328807831, -0.1917190849781036],
  [-0.2858806848526001, -0.5259285569190979],
  [0.6672825813293457, 0.1227072775363922],
  [-0.1098548024892807, -0.3089584708213806],
  [-0.2775166928768158, 0.0503536723554134],
  [-0.2347785383462906, 0.1508791893720627],
  [-0.5781356096267700, 0.5505497455596924],
  [-0.5788183808326721, -0.1527232974767685],
  [0.3094790577888489, 0.4815788567066193],
  [-0.3230845034122467, 0.0029971040785313],
  [-0.4136097133159637, -0.2051925510168076],
  [-0.5247059464454651, -0.1529180258512497],
  [0.4116645753383636, -0.3385617434978485],
  [-0.2350398451089859, 0.1146564781665802],
  [-0.1093260273337364, 0.3951274156570435],
  [0.1448832452297211, 0.0870940312743187],
  [0.4508304297924042, -0.5775074362754822],
  [-0.2026729583740234, 0.0576266907155514],
  [0.2684662640094757, 0.0719368606805801],
  [0.2430249899625778, -0.4566735029220581],
  [-0.5902775526046753, -0.2232855856418610],
  [0.1147679537534714, 0.1127145364880562],
  [-0.0904737636446953, -0.5942725539207458],
  [-0.5892487168312073, 0.5642660856246948],
  [-0.4557072222232819, 0.0409335158765316],
  [0.2461518049240112, -0.1200673729181290],
  [0.1745860725641251, 0.5248870849609375],
  [0.3499450683593750, -0.3386966884136200],
  [0.6181216239929199, -0.4089195728302002],
  [0.2648155391216278, 0.1749080270528793],
  [-0.0773122906684875, -0.4388404488563538],
  [-0.0285467151552439, 0.1077877730131149],
  [-0.1869222074747086, 0.4851013123989105],
  [-0.2381181418895721, 0.2126717418432236],
  [-0.0210060384124517, -0.6903017759323120],
  [0.3384354114532471, 0.2653376162052155],
  [0.7911521196365356, 0.2726351320743561],
  [0.1643039137125015, -0.8491044640541077],
  [0.3898675143718719, 0.5763158798217773],
  [0.5087852478027344, -0.1367897987365723],
  [-0.2088890969753265, -0.0164687409996986],
  [0.1483454108238220, 0.5494945049285889],
  [-0.1735766828060150, -0.4284260571002960],
  [-0.0926953926682472, -0.4589295387268066],
  [0.4357150793075562, 0.7020983099937439],
  [0.2737536728382111, -0.4586278498172760],
  [-0.4993301331996918, -0.0800640657544136],
  [0.2668668031692505, -0.0960829779505730],
  [-0.0380516014993191, 0.2699743509292603],
  [0.0178674738854170, 0.4707216322422028],
  [0.3882151246070862, -0.0329349227249622],
  [0.2583568692207336, 0.5677571296691895],
  [-0.4621903002262115, -0.0810439065098763],
  [-0.1490380316972733, -0.3663720190525055],
  [-0.2241819351911545, -0.0996931195259094],
  [-0.4698257446289062, 0.1821758598089218],
  [0.0575166642665863, -0.0625761598348618],
  [-0.0954263433814049, 0.5002609491348267],
  [0.8988952040672302, 0.1602831929922104],
  [0.5764076113700867, -0.4823535978794098],
  [-0.3371766805648804, -0.4174032509326935],
  [0.2025703489780426, -0.3236142694950104],
  [0.3935367465019226, 0.0457530207931995],
  [0.5272972583770752, -0.3483542501926422],
  [-0.3201778531074524, -0.0297730788588524],
  [-0.3375858962535858, 0.0713628008961678],
  [0.1227693930268288, 0.1797866970300674],
  [-0.3796241879463196, -0.0367771871387959],
  [-0.7088454961776733, 0.5148023962974548],
  [0.1633151173591614, -0.3529493212699890],
  [-0.1545674055814743, -0.1590949892997742],
  [-0.2510390281677246, 0.5979174375534058],
  [0.0703846439719200, -0.2680096924304962],
  [-0.3557822704315186, 0.2936987876892090],
  [0.2012200057506561, -0.3454653918743134],
  [-0.4482295811176300, 0.6767674684524536],
  [-0.0285182483494282, 0.0428923517465591],
  [0.3402245044708252, 0.3435139656066895],
  [-0.1982104629278183, 0.3224243819713593],
  [-0.3555986881256104, -0.7091045379638672],
  [0.1462739259004593, -0.3717679083347321],
  [-0.1882217228412628, -0.1376005411148071],
  [-0.4841242432594299, -0.2207856923341751],
  [-0.3611697554588318, -0.6893072724342346],
  [0.2505922019481659, 0.5365337729454041],
  [0.2760540246963501, 0.3397752940654755],
  [-0.4046683609485626, -0.4656695723533630],
  [0.1275981515645981, -0.1015607565641403],
  [0.3204865455627441, 0.4968908429145813],
  [-0.7564928531646729, -0.5455632805824280],
  [0.2990806996822357, -0.4281966090202332],
  [-0.3608230054378510, -0.2266073524951935],
  [0.2811135947704315, -0.6224582195281982],
  [0.0179284550249577, 0.3630626499652863],
  [-0.3844326436519623, -0.3606000542640686],
  [-0.5303424000740051, 0.5675139427185059],
  [-0.4019411206245422, 0.0618662200868130],
  [-0.3962818682193756, -0.6487499475479126],
  [0.2272661179304123, 0.1354817748069763],
  [0.3487802147865295, 0.1999822705984116],
  [0.6801684498786926, 0.1979251503944397],
  [-0.2542456686496735, -0.0866344571113586],
  [0.3717442154884338, -0.3343527913093567],
  [-0.5277685523033142, -0.1352198123931885],
  [-0.1987375468015671, 0.8649501204490662],
  [-0.0452317334711552, 0.5789060592651367],
  [0.4688553512096405, 0.4026647806167603],
  [-0.0942513793706894, 0.0998325794935226],
  [0.0872963294386864, -0.3579513132572174],
  [-0.3019492626190186, -0.4676128029823303],
  [0.2465092092752457, 0.1199973374605179],
  [0.2773811817169189, 0.6084469556808472],
  [0.4115397036075592, 0.1225653514266014],
  [0.8128746151924133, -0.2304368764162064],
  [0.1318160891532898, -0.7159270644187927],
  [-0.5966001152992249, -0.1293428838253021],
  [-0.1642064601182938, 0.1831377893686295],
  [-0.5303806662559509, 0.1214517727494240],
  [0.0704797282814980, 0.2244662195444107],
  [-0.1626875400543213, 0.6431819200515747],
  [-0.3453716039657593, 0.6470088958740234],
  [0.6919430494308472, -0.4545784592628479],
  [0.3822729289531708, 0.3080513179302216],
  [0.6057396531105042, 0.2614931464195251],
  [0.3783376514911652, 0.0238562785089016],
  [0.5227653980255127, 0.6250484585762024],
  [-0.5541591644287109, 0.4586819410324097],
  [-0.5720677375793457, -0.4928754270076752],
  [-0.0095434300601482, -0.6706341505050659],
  [0.0731290504336357, -0.0120550189167261],
  [0.2538140714168549, -0.0841929689049721],
  [-0.8114597201347351, 0.1922810673713684],
  [0.3635843098163605, -0.2545335590839386],
  [-0.0014894003979862, -0.2631294727325439],
  [0.2651599943637848, 0.1565436720848083],
  [0.0741641223430634, -0.2184490710496902],
  [0.2896778881549835, -0.6407831311225891],
  [-0.4163270592689514, 0.2364280670881271],
  [0.7332877516746521, -0.2090793102979660],
  [0.3411972224712372, -0.6608209609985352],
  [0.7143926620483398, 0.2073128968477249],
  [-0.5090323090553284, -0.8145714998245239],
  [-0.2030918002128601, 0.2112137675285339],
  [-0.5127437710762024, 0.5554334521293640],
  [0.5488435029983521, 0.0273014865815639],
  [0.4393901824951172, 0.4139987230300903],
  [-0.5613650679588318, 0.5215387940406799],
  [0.2303581684827805, 0.4713398218154907],
  [-0.2856090068817139, -0.1029243841767311],
  [0.0420531667768955, 0.3411709964275360],
  [-0.3731668293476105, 0.2704325616359711],
  [-0.4385269284248352, 0.2154550999403000],
  [0.5845841169357300, -0.3048242926597595],
  [0.5626174211502075, 0.4611906707286835],
  [0.5838619470596313, 0.4504987597465515],
  [-0.4109248816967010, -0.1841587573289871],
  [-0.1410822719335556, -0.3905430734157562],
  [0.4987522065639496, 0.4417464137077332],
  [0.0274587031453848, 0.1385375112295151],
  [0.2904983460903168, -0.5779988765716553],
  [-0.7223047614097595, -0.4777884781360626],
  [0.1285367161035538, 0.4541413784027100],
  [-0.1679773181676865, 0.2954413592815399],
  [-0.5754002332687378, 0.2745600342750549],
  [-0.4311789572238922, -0.7819095253944397],
  [0.0056790565140545, -0.6268121004104614],
  [0.2446758747100830, -0.5645461678504944],
  [-0.3816307187080383, 0.7076381444931030],
  [0.0810358151793480, 0.3707180321216583],
  [0.3765856027603149, -0.0093872305005789],
  [-0.3529255092144012, 0.0615105926990509],
  [-0.6386326551437378, 0.1309174150228500],
  [0.5805172324180603, 0.2591953277587891],
  [0.4589908719062805, 0.1208095178008080],
  [0.7046821713447571, 0.3189295530319214],
  [-0.2938359081745148, -0.7454358935356140],
  [-0.2582098841667175, -0.0160578303039074],
  [0.1698445081710815, -0.0643526837229729],
  [0.4023823142051697, -0.5727608799934387],
  [-0.1477929353713989, -0.4113233983516693],
  [0.3787044882774353, -0.8245028853416443],
  [0.6387969255447388, 0.2741715908050537],
  [-0.2390162944793701, -0.1105115637183189],
  [0.2906575500965118, 0.5684934258460999],
  [-0.0667133107781410, -0.8482301831245422],
  [0.0269092600792646, -0.2195726484060287],
  [0.4317284524440765, -0.5883852243423462],
  [0.1446735709905624, -0.2402313053607941],
  [-0.3495585024356842, -0.0167665686458349],
  [0.3381594419479370, -0.0271894298493862],
  [0.1419766545295715, 0.4659400582313538],
  [0.5122519731521606, 0.1707200855016708],
  [-0.1892514526844025, 0.3915107846260071],
  [0.5467559695243835, 0.3755511939525604],
  [0.3532902896404266, 0.0252324733883142],
  [-0.2247882932424545, 0.6582348942756653],
  [0.1193753555417061, 0.4122467339038849],
  [-0.4048268795013428, 0.4912976622581482],
  [0.0895079374313354, -0.2095178663730621],
  [-0.1918152570724487, 0.7115530371665955],
  [-0.4191587567329407, -0.1305013447999954],
  [0.0844286456704140, 0.3362434506416321],
  [-0.1657881289720535, -0.3723672926425934],
  [-0.2771473526954651, 0.4596493244171143],
  [-0.2257061451673508, -0.2338205426931381],
  [-0.7801975607872009, -0.1779737025499344],
  [-0.5687400102615356, 0.4697887003421783],
  [-0.5405085086822510, 0.0654277428984642],
  [0.3509037494659424, 0.4831366837024689],
  [-0.3783169090747833, 0.2236210554838181],
  [-0.3888480663299561, 0.1459124982357025],
  [-0.3433350026607513, 0.1994276642799377],
  [-0.1619316190481186, -0.3124093711376190],
  [0.6325705051422119, 0.1477114558219910],
  [0.3390994369983673, -0.3680602610111237],
  [0.2422257661819458, 0.3846781253814697],
  [-0.7792738676071167, 0.0160376168787479],
  [-0.4713123738765717, -0.2083364278078079],
  [-0.2738143205642700, 0.5641044974327087],
  [0.6782190203666687, -0.3978105783462524],
  [-0.5676544904708862, 0.3309881687164307],
  [-0.1453454643487930, 0.5323370099067688],
  [0.6675752997398376, -0.0518910661339760],
  [-0.4430165886878967, 0.0051255854777992],
  [0.5426979660987854, 0.2817357778549194],
  [0.1102276891469955, -0.2336119860410690],
  [0.3608039021492004, 0.4532901942729950],
  [0.1574766784906387, 0.0369882620871067],
  [-0.3626769185066223, 0.1705523133277893],
  [0.1472197473049164, -0.1248750761151314],
  [0.1314403861761093, -0.1357166022062302],
  [0.0869831219315529, -0.0811815559864044],
  [0.7817744612693787, -0.1721598058938980],
  [0.0411703512072563, -0.6843440532684326],
  [-0.1804903745651245, 0.3162456452846527],
  [-0.0919516459107399, -0.3054619729518890],
  [0.6346225142478943, -0.2147045433521271],
  [-0.7026178836822510, 0.4089884161949158],
  [0.5882052183151245, 0.3868732452392578],
  [-0.1717480421066284, 0.1616143584251404],
  [0.4731504321098328, -0.8018211126327515],
  [-0.3943253457546234, -0.5273902416229248],
  [-0.4818344712257385, -0.5104604363441467],
  [-0.1036414951086044, -0.0410223491489887],
  [0.4502400159835815, -0.3555879890918732],
  [0.1037116572260857, 0.0068014068529010],
  [-0.0463420115411282, 0.2091715782880783],
  [-0.3177714049816132, -0.1716630458831787],
  [-0.5967193245887756, -0.5318416357040405],
  [0.0527571961283684, 0.2185903787612915],
  [-0.7491024136543274, 0.0174468811601400],
  [-0.0213520918041468, 0.6533301472663879],
  [0.3750947117805481, -0.4736376404762268],
  [-0.2515004575252533, -0.3471925258636475],
  [-0.4778794050216675, 0.6334401369094849],
  [0.0798342749476433, 0.7547932863235474],
  [-0.3627920448780060, 0.3510749638080597],
  [-0.6664922237396240, -0.4586664438247681],
  [-0.1523081213235855, 0.3551871478557587],
  [-0.0034795140381902, 0.2117742896080017],
  [0.5375356078147888, 0.4631190598011017],
  [-0.5921162962913513, 0.3044701516628265],
  [-0.2051326036453247, -0.8274384737014771],
  [0.1360925436019897, 0.1101905182003975],
  [-0.0794588848948479, -0.2527932524681091],
  [0.2370410114526749, 0.5249014496803284],
  [0.7220833897590637, 0.4280858039855957],
  [0.2837790250778198, 0.2534943222999573],
  [-0.3393348753452301, 0.5669712424278259],
  [0.7188448905944824, 0.2524097561836243],
  [-0.3247985541820526, 0.2074175328016281],
  [0.4272008240222931, 0.3085226118564606],
  [0.5328297019004822, -0.3661437928676605],
  [0.0381439924240112, -0.7166845798492432],
  [0.4922518730163574, 0.3412195742130280],
  [0.2834491729736328, -0.4059768319129944],
  [-0.4691127240657806, -0.2334039956331253],
  [-0.0061810044571757, 0.3020749986171722],
  [0.5196986794471741, -0.3087909519672394],
  [0.0416786707937717, 0.1565960645675659],
  [-0.0319257788360119, -0.2284267693758011],
  [0.1451609730720520, -0.1851302385330200],
  [0.5097154378890991, 0.1486047208309174],
  [-0.1362128853797913, -0.5963084101676941],
  [0.0191749520599842, 0.6536366343498230],
  [0.0195055846124887, -0.3811683356761932],
  [0.8102091550827026, 0.2604390084743500],
  [0.0368705801665783, 0.2531318962574005],
  [0.2133995294570923, 0.5728325843811035],
  [-0.0525370277464390, -0.0448928810656071],
  [0.5277467370033264, -0.1692527532577515],
  [0.3669924437999725, -0.3525973558425903],
  [-0.4327203631401062, -0.0348976030945778],
  [0.0619059093296528, -0.7123997211456299],
  [-0.4906456470489502, 0.1633978039026260],
  [-0.2895972132682800, 0.0999009832739830],
  [0.0017316270386800, 0.0723843798041344],
  [0.3921010792255402, 0.3944896459579468],
  [0.0047608274035156, -0.3253501951694489],
  [-0.0669732317328453, -0.4822046756744385],
  [-0.5544187426567078, -0.1890993565320969],
  [-0.4425223171710968, -0.2317655533552170],
  [0.1743265092372894, 0.1888563930988312],
  [0.4715291559696198, -0.2050297260284424],
  [-0.4788977205753326, -0.6296861171722412],
  [0.3269865214824677, -0.3923354446887970],
  [0.2005556672811508, -0.1584419757127762],
  [-0.0627944022417068, 0.1543558388948441],
  [-0.2508598268032074, 0.1706691682338715],
  [-0.0248843878507614, 0.3879671096801758],
  [-0.4994620978832245, -0.0014195000985637],
  [0.1689082533121109, -0.8720747828483582],
  [0.2372668534517288, -0.0219955723732710],
  [-0.1876795142889023, 0.1266790181398392],
  [-0.2659479081630707, 0.1589620262384415],
  [-0.4042357504367828, -0.2542083263397217],
  [0.0237681362777948, 0.4206349551677704],
  [-0.4922852516174316, -0.4172592759132385],
  [0.2761599421501160, 0.3867658972740173],
  [0.0348139926791191, 0.2746030688285828],
  [-0.1232293471693993, 0.9086030721664429],
  [-0.1047596186399460, -0.3279244303703308],
  [0.1582141965627670, 0.1796371638774872],
  [-0.4007079899311066, 0.5185078978538513],
  [-0.2892321646213531, 0.1240176558494568],
  [-0.2848937511444092, 0.2713496983051300],
  [-0.1783197969198227, 0.5633444786071777],
  [0.5987733006477356, 0.1533396989107132],
  [-0.0134116904810071, -0.1105946674942970],
  [0.8454626202583313, -0.0475359149277210],
  [0.0393334329128265, -0.2070356309413910],
  [-0.4927241206169128, -0.2869059443473816],
  [-0.4955697059631348, 0.3756322264671326],
  [0.0976064354181290, 0.1067374572157860],
  [0.3683926165103912, 0.5497999787330627],
  [-0.7261274456977844, -0.2631517648696899],
  [0.1591138839721680, -0.5455766916275024],
  [0.0624576061964035, 0.1992413699626923],
  [-0.4232687354087830, 0.4386487305164337],
  [0.1285040080547333, -0.0093327555805445],
  [-0.1497530937194824, -0.4451445043087006],
  [0.5166354179382324, 0.6081001758575439],
  [0.4701580405235291, -0.5843790769577026],
  [-0.3630424141883850, -0.0052616582252085],
  [-0.1446231752634048, -0.3081134855747223],
  [-0.8575029373168945, 0.3325179219245911],
  [0.2156460583209991, -0.5783702731132507],
  [-0.2550379931926727, -0.7108638286590576],
  [-0.2671167254447937, 0.7983880043029785],
  [-0.1080753356218338, 0.0244638733565807],
  [-0.4104387760162354, 0.2864349484443665],
  [-0.2648373842239380, 0.0219370312988758],
  [0.4850150644779205, -0.2441786527633667],
  [0.4270823597908020, 0.7551596760749817],
  [-0.3695410192012787, -0.0217169821262360],
  [0.5768975019454956, -0.4631423354148865],
  [-0.0742784067988396, -0.6770008206367493],
  [-0.3365809917449951, -0.1711812317371368],
  [-0.5171008110046387, -0.0701804235577583],
  [0.2284460067749023, 0.5403311848640442],
  [-0.4676736295223236, 0.3703161180019379],
  [-0.2421965450048447, -0.0371581129729748],
  [-0.2449078559875488, 0.2518316805362701],
  [0.2252698242664337, 0.3789860606193542],
  [0.1974373459815979, 0.6783027052879333],
  [-0.1755315214395523, -0.2308695167303085],
  [-0.0749554038047791, 0.7141401171684265],
  [-0.3316922783851624, -0.0159221831709146],
  [-0.5407615303993225, -0.1714776307344437],
  [-0.0789997279644012, -0.1909745037555695],
  [0.5749512910842896, 0.0290333833545446],
  [-0.3925775587558746, -0.2128245830535889],
  [0.2556431591510773, 0.3391942083835602],
  [0.1991546005010605, -0.2755625844001770],
  [-0.1545031964778900, 0.0494116619229317],
  [-0.7493802905082703, 0.1296140849590302],
  [0.0591985210776329, 0.7460043430328369],
  [-0.3329126536846161, -0.7700217962265015],
  [-0.6011086702346802, -0.1483013629913330],
  [0.3127479851245880, -0.6501145362854004],
  [0.1852691471576691, 0.5465494990348816],
  [0.2953059673309326, -0.1169916540384293],
  [0.1985148936510086, 0.0164929814636707],
  [-0.2190332412719727, 0.4338302016258240],
  [0.4817941188812256, -0.6933080554008484],
  [-0.3478452861309052, 0.4898900687694550],
  [-0.3373667299747467, 0.0897510200738907],
  [-0.4665626287460327, 0.0132268462330103],
  [-0.2686239778995514, -0.2611197531223297],
  [0.3130872249603271, 0.5728890299797058],
  [0.1795294433832169, 0.0637960210442543],
  [0.1031628623604774, -0.0675454810261726],
  [-0.2712249457836151, -0.0666457936167717],
  [0.5322384238243103, -0.2458099424839020],
  [-0.1357671767473221, -0.2660444378852844],
  [-0.1635962277650833, -0.3368423879146576],
  [0.0011861808598042, -0.5365707278251648],
  [-0.0350059792399406, 0.0638056769967079],
  [0.3605338335037231, 0.5848388075828552],
  [0.4460535049438477, 0.2881292104721069],
  [-0.5231392979621887, 0.1732433736324310],
  [0.2186801284551620, 0.2809905707836151],
  [0.0804278478026390, 0.3902047574520111],
  [0.2718025147914886, 0.1225566640496254],
  [-0.3934699594974518, -0.3916755318641663],
  [0.0401379168033600, 0.7796753644943237],
  [0.4533963501453400, -0.3081470727920532],
  [0.1309766620397568, 0.2417709827423096],
  [-0.0611835941672325, -0.5451142787933350],
  [-0.6318771839141846, 0.4521074295043945],
  [-0.0506822317838669, -0.4363644421100616],
  [-0.0976713001728058, 0.3562609255313873],
  [-0.0525584779679775, -0.4087120592594147],
  [-0.5282820463180542, -0.3631856441497803],
  [0.0956519022583961, -0.0967660099267960],
  [-0.4277595877647400, -0.2943392395973206],
  [-0.1425024569034576, 0.2116851806640625],
  [0.5147703289985657, -0.2424919158220291],
  [-0.5540778040885925, -0.1587671637535095],
  [-0.0122916409745812, 0.5872335433959961],
  [0.0596646033227444, 0.0555031299591064],
  [0.6107484102249146, 0.4028323292732239],
  [0.2422490268945694, -0.2942459583282471],
  [0.5974767804145813, 0.1095127686858177],
  [0.2037577182054520, -0.3987857699394226],
  [0.2180951535701752, -0.0218195430934429],
  [0.4097671210765839, -0.4667468667030334],
  [-0.2234689891338348, 0.0872320830821991],
  [-0.1888631135225296, 0.6186743974685669],
  [-0.0371974073350430, 0.0873285233974457],
  [0.3672752976417542, -0.0994073152542114],
  [0.3293785154819489, -0.2294853031635284],
  [0.1934615224599838, -0.1784344911575317],
  [0.4366255402565002, 0.1385694146156311],
  [0.6797735691070557, -0.1095947548747063],
  [0.2836914062500000, -0.1026554256677628],
  [0.0107316346839070, 0.2253285646438599],
  [0.7754098773002625, 0.2817393243312836],
  [0.3200022280216217, 0.0091156633570790],
  [0.2887387573719025, 0.4004047811031342],
  [0.1333013921976089, 0.3208302855491638],
  [-0.6020374894142151, -0.4450335502624512],
  [0.1665757000446320, -0.6420482397079468],
  [0.2825467884540558, 0.1997351646423340],
  [0.2150048911571503, 0.0751635655760765],
  [-0.5086629390716553, 0.2983216345310211],
  [-0.3092382848262787, 0.2352495938539505],
  [-0.4095211923122406, 0.1172350794076920],
  [0.4791412949562073, -0.2810006737709045],
  [0.2147210389375687, -0.4127365350723267],
  [-0.1031218692660332, -0.6068847179412842],
  [0.3480340838432312, 0.4656782150268555],
  [0.4116562008857727, 0.0089444899931550],
  [-0.1001313626766205, -0.5791664719581604],
  [0.7321868538856506, -0.3552894294261932],
  [0.1393879801034927, 0.1917240321636200],
  [0.6895938515663147, -0.0948550477623940],
  [-0.0970733314752579, 0.1786035150289536],
  [-0.1379197984933853, 0.0182020645588636],
  [0.5687319040298462, 0.5654638409614563],
  [0.2393908053636551, -0.1515483558177948],
  [-0.4990697205066681, -0.2638237476348877],
  [0.5382103323936462, -0.4643625915050507],
  [0.0698220953345299, -0.8831880688667297],
  [0.5244736671447754, -0.1873045563697815],
  [0.5653917789459229, -0.3758592605590820],
  [0.0683378204703331, -0.7912960648536682],
  [0.6151019334793091, -0.5352469086647034],
  [0.0841838493943214, 0.0174417831003666],
  [0.1004742234945297, -0.1446623057126999],
  [-0.0438404157757759, -0.5795267820358276],
  [0.3180967867374420, 0.4389667212963104],
  [0.4345660507678986, 0.5451132059097290],
  [0.1382157355546951, 0.1705922335386276],
  [0.1034736409783363, -0.4288730025291443],
  [-0.5964747667312622, -0.0407295338809490],
  [-0.3582277595996857, 0.5280463695526123],
  [-0.6975281834602356, -0.3162477612495422],
  [-0.1295505911111832, 0.4044746756553650],
  [-0.5796205401420593, 0.4181957840919495],
  [0.8969767093658447, -0.1985442936420441],
  [-0.3649527132511139, 0.0195488724857569],
  [-0.8546204566955566, -0.2487099617719650],
  [0.1750788390636444, 0.3301359713077545],
  [-0.5879815220832825, -0.0570525079965591],
  [-0.1753085255622864, 0.0071813371032476],
  [-0.1808456927537918, -0.2911197543144226],
  [0.0217322353273630, 0.2626523971557617],
  [-0.0302455592900515, 0.6378909349441528],
  [0.0416964739561081, -0.5040338039398193],
  [-0.3082468211650848, 0.1997744441032410],
  [0.5754690766334534, -0.6942644715309143],
  [-0.2806895673274994, 0.6571207046508789],
  [0.1181896254420280, 0.6117617487907410],
  [0.1827102452516556, 0.0444302558898926],
  [-0.1698283404111862, -0.7940323948860168],
  [0.7021746635437012, -0.3127508461475372],
  [-0.2176435887813568, -0.7624176144599915],
  [0.1439490914344788, 0.2675177156925201],
  [-0.0138275157660246, -0.3124459981918335],
  [-0.1277797520160675, 0.7497403025627136],
  [-0.3355451226234436, 0.3731765449047089],
  [0.1499392390251160, -0.0836151614785194],
  [-0.2119198143482208, -0.2841859459877014],
  [0.1489837467670441, 0.6855666041374207],
  [-0.1754954308271408, -0.0984234288334846],
  [0.5436937808990479, 0.5219901800155640],
  [-0.2813492715358734, -0.1504848301410675],
  [0.2236648648977280, -0.6135208010673523],
  [0.7808740139007568, -0.0985831394791603],
  [-0.1598427891731262, -0.0676085948944092],
  [0.5745254158973694, 0.0017590108327568],
  [0.3706645071506500, 0.2294309139251709],
  [-0.0007107210112736, 0.8779600858688354],
  [0.7535165548324585, -0.2015567421913147],
  [-0.5338864922523499, -0.0637379661202431],
  [-0.3344135582447052, 0.1829575002193451],
  [-0.1633284240961075, -0.1352287232875824],
  [0.5675190687179565, -0.4475630223751068],
  [0.0110194673761725, -0.4928804934024811],
  [0.2373210787773132, 0.1867030709981918],
  [-0.2498724758625031, -0.5953829884529114],
  [0.1233440116047859, -0.4040392041206360],
  [0.6640977263450623, 0.1015706211328506],
  [-0.0042473906651139, 0.7950956225395203],
  [-0.2400905787944794, 0.6122249364852905],
  [0.3486641645431519, -0.0963870808482170],
  [-0.4883762598037720, -0.1648191362619400],
  [0.0995846465229988, 0.0892006233334541],
  [-0.1960486322641373, -0.4090502560138702],
  [-0.0963620766997337, 0.5893489718437195],
  [0.2284307032823563, -0.1965044438838959],
  [0.1271021217107773, 0.5571720004081726],
  [-0.0345949716866016, -0.5603002905845642],
  [0.1895968914031982, -0.6799969673156738],
  [0.5797138214111328, -0.2144808322191238],
  [-0.0260247066617012, -0.4203436970710754],
  [0.2095227539539337, 0.7886206507682800],
  [0.7067820429801941, 0.0121937347576022],
  [0.1085231155157089, -0.0846802219748497],
  [0.0122399041429162, 0.1989121884107590],
  [-0.1274377703666687, 0.2344794720411301],
  [-0.5606601834297180, -0.5188711285591125],
  [0.5088853836059570, 0.6360332369804382],
  [0.0989313423633575, -0.8242264389991760],
  [0.1278954893350601, -0.0274034496396780],
  [-0.5782914161682129, -0.3997967839241028],
  [-0.2355817407369614, 0.0168987847864628],
  [-0.2732139825820923, -0.5418848395347595],
  [0.0984978899359703, 0.3778991699218750],
  [-0.3858375847339630, 0.5308392643928528],
  [0.4011906385421753, -0.2643876373767853],
  [-0.6956970691680908, 0.3921559751033783],
  [-0.3408164680004120, 0.0085176657885313],
  [-0.0067471028305590, 0.2446472644805908],
  [-0.3822998404502869, -0.1660603284835815],
  [-0.2900431156158447, 0.2543808817863464],
  [0.0254830010235310, -0.3107047677040100],
  [0.6087814569473267, -0.2559021413326263],
  [0.3903196752071381, 0.4326233565807343],
  [-0.1974339485168457, 0.2726127505302429],
  [-0.0158779565244913, 0.2746589779853821],
  [-0.4935468435287476, -0.7038688659667969],
  [-0.7097105979919434, 0.2635831534862518],
  [-0.1946546286344528, -0.2800524830818176],
  [-0.2881463468074799, 0.3682295083999634],
  [0.1288515180349350, -0.3438824713230133],
  [-0.3228893280029297, -0.4667076170444489],
  [-0.2595826387405396, 0.5535656213760376],
  [0.1246930584311485, -0.8016234040260315],
  [-0.4093107581138611, -0.0809183269739151],
  [0.5409584045410156, -0.2296449542045593],
  [0.3005512952804565, 0.2203765660524368],
  [-0.4108406603336334, 0.1451048105955124],
  [0.5084112882614136, 0.2089456170797348],
  [-0.3081291615962982, -0.5947129726409912],
  [0.1524091511964798, 0.3029704391956329],
  [0.8165427446365356, 0.1781686544418335],
  [0.3559729456901550, 0.0451284199953079],
  [-0.0745254904031754, 0.6653877496719360],
  [0.5449594259262085, -0.2819267511367798],
  [0.0015030207578093, 0.5208538770675659],
  [0.4261729419231415, 0.7876346707344055],
  [0.3752433955669403, 0.5065163373947144],
  [-0.0181496609002352, 0.7250109910964966],
  [-0.4777795672416687, 0.1506731361150742],
  [-0.1858849823474884, 0.1844742000102997],
  [0.2528454363346100, 0.0399780943989754],
  [-0.0510088019073009, 0.0987482219934464],
  [0.0937227830290794, -0.7415271401405334],
  [0.3951157927513123, -0.6249808669090271],
  [0.5847398042678833, -0.0279626771807671],
  [-0.1905246973037720, 0.4665344655513763],
  [-0.1128562614321709, -0.1080653890967369],
  [0.1590939909219742, -0.0465904027223587],
  [-0.0554931908845901, -0.1036474183201790],
  [-0.4724867939949036, 0.4735352098941803],
  [-0.2035714834928513, -0.6055424809455872],
  [-0.7381823062896729, 0.1560823321342468],
  [0.2878312468528748, 0.4606646001338959],
  [0.0334293432533741, -0.5200051665306091],
  [0.0698207989335060, 0.4927341043949127],
  [0.7941933274269104, -0.3304181098937988],
  [-0.4502746760845184, 0.3303522765636444],
  [-0.8459048867225647, 0.1234994679689407],
  [0.3938965201377869, -0.1247496381402016],
  [0.5059275627136230, 0.2755619585514069],
  [-0.0191815290600061, 0.2037177383899689],
  [0.0951001495122910, 0.2588763535022736],
  [0.1471698880195618, -0.3919222056865692],
  [0.2563783824443817, -0.4446491003036499],
  [0.0409727692604065, -0.0067139449529350],
  [0.1268221586942673, 0.5857741236686707],
  [-0.3217815756797791, -0.3471088409423828],
  [0.5410649776458740, 0.2993676066398621],
  [-0.0311837717890739, -0.0253612324595451],
  [-0.8323541879653931, 0.1394418179988861],
  [-0.0781431645154953, 0.5649751424789429],
  [-0.6867438554763794, 0.2515959739685059],
  [-0.1534416079521179, 0.0270361602306366],
  [0.2474320232868195, 0.4021424651145935],
  [0.4748612642288208, -0.0692006722092628],
  [-0.5125243663787842, 0.4009702205657959],
  [-0.0659820958971977, 0.8138288259506226],
  [-0.2703371047973633, 0.1136070266366005],
  [-0.1539736241102219, -0.5940162539482117],
  [0.0994842126965523, -0.8620229363441467],
  [0.3713447153568268, 0.5676865577697754],
  [0.2637680470943451, 0.0033244225196540],
  [0.0786471143364906, -0.1026729568839073],
  [0.3392486870288849, 0.0531136468052864],
  [-0.5927136540412903, 0.5822298526763916],
  [0.1982565671205521, 0.2273898273706436],
  [0.4381293654441833, -0.4500724673271179],
  [-0.1757747977972031, -0.3239506781101227],
  [-0.3284462094306946, 0.1487447023391724],
  [-0.4164032340049744, 0.8570494055747986],
  [0.4921312034130096, 0.0563684068620205],
  [-0.5099574327468872, -0.7520430088043213],
  [0.4849247038364410, -0.6502207517623901],
  [0.2686042785644531, 0.0306065231561661],
  [-0.4461429119110107, -0.1695876717567444],
  [-0.5454099178314209, -0.3301182687282562],
  [0.1282213330268860, -0.2321920245885849],
  [-0.6146140694618225, 0.1048469766974449],
  [0.1816453784704208, -0.4588007032871246],
  [-0.3804270625114441, -0.2673284709453583],
  [-0.0236654989421368, -0.4639163315296173],
  [-0.3074788451194763, -0.4881003201007843],
  [0.4507743120193481, 0.2117211818695068],
  [0.2505714297294617, -0.1373950988054276],
  [-0.2113369405269623, 0.3864576220512390],
  [0.0383384525775909, 0.3079899549484253],
  [-0.2928737699985504, 0.4469071626663208],
  [0.2360835969448090, 0.2964424490928650],
  [-0.1522631496191025, 0.5489030480384827],
  [-0.4688369631767273, -0.4281334280967712],
  [-0.8095453381538391, 0.1448799371719360],
  [0.2516116499900818, 0.4691150486469269],
  [0.2356629818677902, -0.2129776775836945],
  [-0.4554335176944733, 0.4024187326431274],
  [-0.3989859223365784, 0.1943302601575851],
  [-0.5713242292404175, -0.1707769483327866],
  [-0.2030339539051056, -0.4908993542194366],
  [-0.3639188110828400, -0.2596363127231598],
  [0.0814110115170479, 0.2437830865383148],
  [-0.3099588155746460, -0.0442728325724602],
  [-0.2033875137567520, 0.4943175911903381],
  [-0.1161911264061928, 0.1613601297140121],
  [-0.3983260095119476, 0.5808393359184265],
  [-0.0365938879549503, -0.0757725015282631],
  [-0.2014558166265488, -0.0407224074006081],
  [0.3876587152481079, 0.5585347414016724],
  [0.2123473435640335, 0.5035887956619263],
  [0.5513749718666077, 0.1928994208574295],
  [0.4823206067085266, -0.3522357940673828],
  [0.3199361860752106, -0.1867229789495468],
  [0.1347811222076416, -0.4697555899620056],
  [-0.0616152249276638, 0.2187008857727051],
  [-0.3878556787967682, 0.2603057026863098],
  [0.0520899333059788, 0.3196502327919006],
  [-0.2428210228681564, 0.6439466476440430],
  [-0.6930565834045410, -0.2085791528224945],
  [-0.2005204558372498, 0.6319674849510193],
  [0.1467630416154861, -0.5221890807151794],
  [0.3118317723274231, -0.1027834564447403],
  [0.3629927933216095, 0.3782480061054230],
  [-0.4480760991573334, -0.6920532584190369],
  [-0.1363495290279388, 0.1619726121425629],
  [-0.3181352019309998, -0.3803901970386505],
  [0.5118836164474487, -0.6686386466026306],
  [-0.0013023803476244, 0.2626372873783112],
  [0.4081910252571106, -0.2328375130891800],
  [-0.2693497538566589, 0.0877840071916580],
  [-0.3077385723590851, 0.5093634128570557],
  [0.0740463435649872, 0.2600244879722595],
  [0.0905443876981735, -0.4072753489017487],
  [-0.1430143862962723, 0.3194071650505066],
  [0.4540870785713196, -0.0260801035910845],
  [0.3502578139305115, -0.7709115147590637],
  [0.4762217104434967, 0.4318596124649048],
  [-0.0382062941789627, 0.0280654579401016],
  [-0.6329162120819092, -0.4518878757953644],
  [0.1970106661319733, 0.0754638612270355],
  [0.2269981205463409, 0.5607891678810120],
  [-0.6541664600372314, 0.4414156377315521],
  [0.1881394982337952, 0.3655436038970947],
  [-0.0726646184921265, 0.3897386193275452],
  [0.1511702537536621, -0.2736407518386841],
  [0.7239243388175964, 0.4102879166603088],
  [0.1736578941345215, -0.4753582179546356],
  [0.0784908011555672, -0.1523070037364960],
  [-0.4662957191467285, 0.1262357532978058],
  [-0.0634407475590706, -0.2883597612380981],
  [0.0550046600401402, 0.2861265242099762],
  [0.5774598717689514, 0.6176351308822632],
  [0.3626190721988678, 0.4088690578937531],
  [-0.1626130789518356, -0.2443873584270477],
  [-0.1727596223354340, 0.0448883809149265],
  [0.3719725608825684, 0.6220931410789490],
  [-0.3463464379310608, -0.4626379907131195],
  [-0.4726820886135101, -0.3987965285778046],
  [0.4768334925174713, -0.1843414902687073],
  [0.0523057170212269, -0.1878407150506973],
  [0.5052300691604614, 0.4808781445026398],
  [-0.2950591444969177, -0.1259959787130356],
  [-0.2728736102581024, -0.7099773883819580],
  [0.0113799711689353, -0.8842673301696777],
  [-0.0560193397104740, -0.0275338608771563],
  [-0.0293621867895126, 0.7975139617919922],
  [-0.0259101055562496, -0.3738187849521637],
  [0.3355909287929535, -0.3497755527496338],
  [-0.1593753397464752, 0.5673977732658386],
  [-0.5472395420074463, 0.1158072724938393],
  [-0.0709374919533730, 0.1337521523237228],
  [-0.7529637813568115, 0.6188440918922424],
  [-0.7758815884590149, 0.0868392065167427],
  [-0.0963893830776215, -0.0134817315265536],
  [0.1721089482307434, -0.0822367221117020],
  [0.0326647944748402, -0.4115571975708008],
  [0.1966205388307571, -0.1308929771184921],
  [0.4738802909851074, -0.2619422972202301],
  [0.3815557062625885, 0.4655193984508514],
  [0.2030248492956161, -0.0353511162102222],
  [0.5299791097640991, -0.6975169777870178],
  [-0.2743032872676849, -0.6018614768981934],
  [-0.3389111161231995, -0.4454742670059204],
  [-0.0131395896896720, -0.4042207598686218],
  [-0.0695294141769409, 0.0045478818938136],
  [-0.6262599825859070, -0.1108702570199966],
  [-0.1407160013914108, 0.3382491767406464],
  [-0.5538631677627563, 0.2192166149616241],
  [-0.5148743391036987, -0.2546907067298889],
  [0.2183742523193359, 0.4322853386402130],
  [0.3224180638790131, 0.0303072761744261],
  [0.2899186909198761, 0.5507336258888245],
  [0.0414302982389927, -0.3016014397144318],
  [0.3089550733566284, 0.0824505090713501],
  [0.4401812851428986, -0.0427458547055721],
  [-0.3371153175830841, 0.3368407189846039],
  [0.7523275017738342, -0.1301814019680023],
  [0.1284847557544708, 0.5395455956459045],
  [0.3409701585769653, -0.7038313150405884],
  [0.0564105249941349, 0.3566245734691620],
  [0.3855566680431366, -0.1009033620357513],
  [0.2636557221412659, 0.1383564323186874],
  [-0.5273724794387817, -0.1965814828872681],
  [0.5405264496803284, 0.0432935468852520],
  [-0.4143413007259369, -0.2397417128086090],
  [-0.2459244579076767, -0.3292660117149353],
  [-0.1532444953918457, 0.1974774748086929],
  [-0.1277205795049667, 0.6454684138298035],
  [-0.0443575158715248, 0.1156325638294220],
  [0.2908161580562592, -0.1730918586254120],
  [-0.2833134531974792, -0.3103816211223602],
  [-0.1896551400423050, -0.2417434453964233],
  [-0.1452111154794693, 0.6522620320320129],
  [-0.3042109310626984, -0.3950728178024292],
  [0.3316015899181366, -0.1065753027796745],
  [0.1368156820535660, 0.0712516382336617],
  [-0.2826324999332428, -0.2926924526691437],
  [0.2868184149265289, 0.1643665581941605],
  [0.0718060806393623, -0.0511351190507412],
  [0.0789089351892471, -0.3879370689392090],
  [-0.1130648925900459, 0.4154532849788666],
  [0.4957365691661835, 0.1016920879483223],
  [0.4049504995346069, -0.2856563627719879],
  [0.4301971197128296, -0.2503711283206940],
  [0.5859931707382202, 0.5617891550064087],
  [0.6419044733047485, -0.2312214076519012],
  [-0.1745164841413498, -0.1490216404199600],
  [-0.2436941713094711, -0.1672874093055725],
  [0.3078137934207916, 0.3160467743873596],
  [-0.3036790490150452, -0.0608055368065834],
  [-0.1351213902235031, 0.6005460619926453],
  [-0.0699870437383652, -0.6452101469039917],
  [-0.3727351725101471, -0.0647610947489738],
  [-0.8077261447906494, 0.0932517945766449],
  [-0.1608819812536240, -0.5725366473197937],
  [0.6439555883407593, -0.2488659024238586],
  [-0.2911903262138367, 0.3269949555397034],
  [0.1453273296356201, 0.6317794322967529],
  [0.0229945555329323, 0.7748076319694519],
  [0.3886649608612061, -0.4857400357723236],
  [-0.2681692242622375, -0.3636022806167603],
  [-0.2144214957952499, 0.8232221007347107],
  [-0.4433522224426270, 0.5926955342292786],
  [-0.3935378193855286, 0.4752506315708160],
  [-0.1892887502908707, -0.6976082324981689],
  [0.0822771266102791, 0.0944401696324348],
  [-0.1333961784839630, 0.3597104251384735],
  [0.4066679775714874, -0.4035155773162842],
  [0.7234567403793335, -0.0745219662785530],
  [-0.5512595176696777, -0.2833271920681000],
  [0.1000242680311203, 0.5192283391952515],
  [0.2624470591545105, -0.1132929772138596],
  [-0.4237298667430878, 0.0880576521158218],
  [0.5913264751434326, -0.0714051276445389],
  [-0.4074068963527679, -0.5077380537986755],
  [0.0182486604899168, 0.3085720837116241],
  [0.2471297830343246, 0.1560417562723160],
  [0.6849948167800903, -0.1612922400236130],
  [-0.0589422062039375, -0.3183191716670990],
  [-0.0144788147881627, 0.0538769401609898],
  [0.3982132077217102, -0.6060813069343567],
  [0.4513767957687378, 0.3069111406803131],
  [0.0167747903615236, -0.3421311974525452],
  [0.2731813490390778, 0.5790542364120483],
  [-0.5494647026062012, -0.0061919321306050],
  [0.6763238310813904, 0.0887427702546120],
  [0.3196948170661926, -0.3309191465377808],
  [0.4254304468631744, -0.2845416367053986],
  [0.1446349173784256, -0.3526840209960938],
  [0.0482517443597317, -0.5295879840850830],
  [-0.4702373147010803, -0.5257889628410339],
  [-0.3984342515468597, 0.1765231937170029],
  [0.4606833159923553, -0.5286393761634827],
  [-0.6724879145622253, 0.2050209939479828],
  [-0.6408265233039856, -0.2694979012012482],
  [-0.5714337229728699, -0.0081992186605930],
  [-0.1949020773172379, -0.4750999808311462],
  [-0.0678120627999306, 0.4219773411750793],
  [0.6606875061988831, -0.0771363452076912],
  [-0.0976461097598076, 0.7302497029304504],
  [0.1073365956544876, -0.7114276885986328],
  [0.0319056548178196, -0.0365348346531391],
  [-0.0957495048642159, 0.4110845327377319],
  [-0.5950634479522705, 0.2640047073364258],
  [0.3082824349403381, 0.1698488295078278],
  [0.7024134993553162, -0.1475903838872910],
  [0.1682269424200058, 0.1643221229314804],
  [-0.4638441801071167, -0.1710224449634552],
  [0.1040765345096588, -0.3804199099540710],
  [0.6542488932609558, -0.0945217907428741],
  [-0.1331446915864944, 0.3864155709743500],
  [-0.5324420928955078, -0.4907948374748230],
  [0.6436560750007629, -0.0720791071653366],
  [0.5237958431243896, -0.2221940755844116],
  [-0.8309610486030579, 0.3669421970844269],
  [0.1933807432651520, 0.3244211673736572],
  [0.4194486439228058, 0.6635141968727112],
  [0.1917408108711243, -0.2079058736562729],
  [0.0534130632877350, 0.3819094896316528],
  [-0.2041423916816711, -0.1608685404062271],
  [0.7952924370765686, -0.2276411056518555],
  [-0.0761474594473839, 0.4503060281276703],
  [-0.3267208635807037, 0.6112646460533142],
  [0.2121445834636688, -0.5274231433868408],
  [-0.0425242669880390, 0.3905479013919830],
  [0.3452876508235931, -0.0781669169664383],
  [0.0012543045450002, -0.4146271944046021],
  [-0.2815722525119781, 0.7347040772438049],
  [0.5666841864585876, -0.4138434827327728],
  [0.4976868927478790, -0.1191349178552628],
  [0.6636602282524109, -0.6572197079658508],
  [0.1547036170959473, 0.2187529206275940],
  [-0.4221148192882538, -0.3116165995597839],
  [0.1907874345779419, 0.2822786867618561],
  [0.3243972659111023, 0.5434563755989075],
  [-0.2137641161680222, -0.0663495734333992],
  [0.3305488526821136, -0.3166936039924622],
  [0.4745902121067047, 0.0543653815984726],
  [-0.4886985719203949, 0.1043146476149559],
  [0.3261847496032715, -0.1621307879686356],
  [0.1445732712745667, -0.2919098138809204],
  [0.3094000518321991, -0.4135304093360901],
  [-0.3061964809894562, 0.8293928503990173],
  [0.4241746664047241, -0.4837081432342529],
  [-0.3010341227054596, -0.0279927738010883],
  [-0.3512615859508514, 0.3835121095180511],
  [0.0001579493837198, 0.7074872255325317],
  [0.1613157391548157, 0.4853870272636414],
  [0.0169669240713120, -0.4417372941970825],
  [0.2651139795780182, -0.2047432959079742],
  [-0.5002379417419434, -0.0383120961487293],
  [-0.1576092243194580, -0.2634993791580200],
  [0.1044534891843796, 0.1966592669487000],
  [-0.2082516551017761, -0.3659070432186127],
  [0.3303756713867188, -0.4910372197628021],
  [-0.0905797258019447, 0.0663377940654755],
  [0.6990697979927063, -0.3839156031608582],
  [0.4590060412883759, 0.0453738495707512],
  [-0.3354485332965851, -0.5163668394088745],
  [-0.3633505403995514, -0.0459352843463421],
  [0.1207138970494270, 0.4724578261375427],
  [-0.1193065494298935, 0.1434425711631775],
  [-0.4221391379833221, 0.3160872459411621],
  [0.1945406943559647, -0.3776732385158539],
  [-0.3967610299587250, -0.7013016343116760],
  [0.5121830701828003, 0.5405583381652832],
  [0.3350040018558502, 0.2471379786729813],
  [-0.2498079538345337, -0.2562803328037262],
  [0.6820130944252014, -0.3774652481079102],
  [0.2375420778989792, -0.0684714466333389],
  [-0.0534433126449585, 0.1312914192676544],
  [0.3460501432418823, -0.3856530189514160],
  [-0.5145376324653625, -0.4790152013301849],
  [0.1661460548639297, -0.6619505286216736],
  [-0.5084509849548340, 0.1539079993963242],
  [-0.1787518858909607, -0.4668045341968536],
  [0.1983131468296051, -0.7967242002487183],
  [-0.4732008576393127, 0.4058286845684052],
  [0.2766605615615845, 0.3107770979404449],
  [0.3869635760784149, -0.5073170661926270],
  [0.7005922198295593, 0.3944419920444489],
  [-0.3232709169387817, -0.0593912377953529],
  [0.5457612872123718, -0.1690474748611450],
  [-0.1100483089685440, -0.4556069970130920],
  [0.8193385004997253, 0.1604033410549164],
  [-0.4842733144760132, 0.7726228237152100],
  [-0.0627343654632568, -0.2588517963886261],
  [-0.3764471411705017, 0.0930353477597237],
  [0.1033281758427620, -0.6440154910087585],
  [0.7694364786148071, 0.4853937625885010],
  [0.0589148886501789, -0.6892954707145691]
]
